-0.748120300752,1.11621241624,
-1.74812030075,-0.920179867369,
1.75187969925,-0.920179867369,
0.323308270677,-0.920179867369,
0.251879699248,-0.920179867369,
-0.748120300752,-0.920179867369,
1.03759398496,-0.920179867369,
-0.914786967419,-0.920179867369,
0.951879699248,-0.920179867369,
1.03759398496,-0.920179867369,
9.25187969925,-0.920179867369,
0.751879699248,-0.920179867369,
-0.448120300752,-0.920179867369,
-0.164786967419,-0.920179867369,
-3.24812030075,-0.920179867369,
-1.74812030075,-0.920179867369,
-1.24812030075,-0.920179867369,
2.75187969925,-0.827497909963,
-2.24812030075,1.25422717596,
-0.0481203007519,-0.971927907771,
-0.498120300752,-0.971927907771,
1.75187969925,-0.971927907771,
0.0375939849624,1.1261190903,
-0.581453634085,1.1261190903,
-2.62312030075,1.1261190903,
-1.74812030075,1.1261190903,
-1.24812030075,-0.776952997399,
0.0296574770259,-0.776952997399,
-0.0481203007519,-0.776952997399,
-0.248120300752,-0.776952997399,
0.418546365915,-0.776952997399,
1.3074352548,-0.776952997399,
-1.24812030075,-0.776952997399,
1.25187969925,-0.776952997399,
0.609022556391,-0.776952997399,
-1.24812030075,-0.776952997399,
-0.339029391661,-0.776952997399,
-0.598994974874,0.958968446439,
0.117671691792,-1.24436908429,
0.201005025126,-0.125049169174,
-1.04899497487,-0.856631621115,
-0.236494974874,0.63212464157,
-0.798994974874,-0.112438879328,
-0.173994974874,0.199889516204,
-1.19899497487,0.430173313635,
-0.298994974874,-1.25724523067,
3.20100502513,0.931264333327,
-1.94185211773,-0.921965202205,
6.70100502513,-0.365521649387,
-0.0132806891601,-0.365521649387,
2.20100502513,-0.909759992126,
-0.398994974874,-0.909759992126,
-1.97989949749,-0.909759992126,
-1.97989949749,0.614739396726,
2.68676716918,0.869547874373,
-1.72989949749,0.696167641709,
12.0201005025,0.696167641709,
1.22010050251,0.586466839809,
0.753433835846,0.586466839809,
-1.47989949749,0.586466839809,
-0.646566164154,0.595482148124,
0.753433835846,0.595482148124,
-1.47989949749,-0.496909517839,
1.02010050251,-0.496909517839,
0.0201005025126,0.955227345638,
-0.979899497487,0.955227345638,
-0.479899497487,0.955227345638,
-1.0910106086,-1.93133806239,
-1.97989949749,-1.20858632001,
0.520100502513,0.917978701298,
0.0201005025126,-1.40374159221,
-0.479899497487,-1.1467105347,
-1.47989949749,0.699483851887,
2.77010050251,-1.16708520257,
2.27010050251,0.915859096279,
-0.479899497487,0.915859096279,
3.02010050251,-1.11450163115,
1.35343383585,0.976655114681,
1.02010050251,-1.1176697356,
1.87724335966,-1.03889871733,
-2.97989949749,0.842109591309,
-1.64656616415,-1.04508084194,
0.820100502513,0.63715724676,
-0.979899497487,-0.132090448378,
0.16295764537,-0.132090448378,
1.20852130326,-1.33298413512,
-12.5914786967,0.494764204315,
-1.09147869674,0.494764204315,
-0.841478696742,0.378273030066,
-0.591478696742,0.378273030066,
-2.59147869674,0.378273030066,
-0.258145363409,0.378273030066,
-1.59147869674,0.378273030066,
2.90852130326,0.378273030066,
-1.59147869674,-0.405992509855,
-0.791478696742,-0.405992509855,
2.40852130326,-0.405992509855,
-0.591478696742,-0.405992509855,
-1.59147869674,0.761742001417,
-0.341478696742,0.761742001417,
1.40852130326,0.556957409218,
-1.59147869674,0.556957409218,
-1.59147869674,0.557652262623,
-1.34147869674,0.557652262623,
-1.59147869674,0.557652262623,
0.937933067964,0.557652262623,
-1.59147869674,0.594310840501,
2.40852130326,0.594310840501,
2.40852130326,-1.25476958747,
1.40852130326,-1.25476958747,
2.12280701754,-1.25476958747,
0.908521303258,0.631971752615,
-1.59147869674,-1.26928212031,
1.74185463659,-0.213632012843,
-2.09147869674,-0.213632012843,
0.0751879699248,-0.213632012843,
-1.09147869674,-0.213632012843,
1.30852130326,-0.213632012843,
-0.258145363409,-0.213632012843,
-0.258145363409,-0.213632012843,
-1.59147869674,-0.213632012843,
1.55889724311,0.672818110446,
-4.10776942356,0.672818110446,
-1.44110275689,0.672818110446,
-4.44110275689,0.672818110446,
-0.441102756892,-0.72209996612,
-0.941102756892,-0.72209996612,
-2.24110275689,1.19040112748,
2.13032581454,1.19040112748,
-0.274436090226,1.19040112748,
2.22556390977,0.523862252087,
0.558897243108,0.523862252087,
-0.274436090226,0.523862252087,
3.22556390977,0.523862252087,
-0.441102756892,1.07180980032,
-0.441102756892,1.07180980032,
0.0588972431078,1.07180980032,
1.55889724311,1.07180980032,
-0.441102756892,1.07180980032,
-1.44110275689,1.07180980032,
0.892230576441,1.07180980032,
0.758897243108,1.07180980032,
1.30889724311,-0.81502067385,
-1.44110275689,-0.741961872821,
-0.107769423559,1.26752248702,
1.55889724311,1.26752248702,
-0.0411027568922,1.26752248702,
2.05889724311,1.26752248702,
-0.441102756892,1.26752248702,
6.55889724311,1.26752248702,
0.130325814536,1.26752248702,
-0.107769423559,1.26752248702,
-0.107769423559,1.26752248702,
0.225563909774,-0.944614673269,
0.558897243108,-0.944614673269,
-1.69110275689,-0.944614673269,
-0.441102756892,-0.944614673269,
0.0588972431078,-0.944614673269,
-1.69110275689,-0.944614673269,
-1.22807017544,-0.709983584021,
-0.228070175439,-0.8460360155,
1.77192982456,-0.8460360155,
4.27192982456,-0.8460360155,
3.77192982456,-0.8460360155,
0.521929824561,1.50879165142,
-5.22807017544,1.50879165142,
1.10526315789,-0.661290785956,
2.77192982456,-0.661290785956,
2.52192982456,-0.661290785956,
1.10526315789,-0.661290785956,
-0.0280701754386,-0.661290785956,
0.171929824561,-0.661290785956,
1.27192982456,1.44373911564,
0.771929824561,1.44373911564,
-2.22807017544,1.18630569038,
-1.3709273183,1.27228014025,
-2.22807017544,-0.707593010453,
0.771929824561,-0.854542860637,
-0.228070175439,1.43132975736,
0.771929824561,-0.825067190756,
0.914786967419,-0.825067190756,
-0.894736842105,-0.601415708725,
-3.22807017544,-0.601415708725,
1.17192982456,-0.626764132972,
-0.428070175439,-0.626764132972,
-1.22807017544,-0.601274821321,
-2.22807017544,-0.601274821321,
1.77192982456,-0.678000427489,
0.571929824561,-0.678000427489,
-0.728070175439,1.40155384179,
-2.72807017544,-0.503329432073,
-0.561403508772,-0.503329432073,
-0.394736842105,-0.503329432073,
-2.72807017544,-0.628702226942,
0.102628527252,-1.05747574665,
0.417313841937,-0.993025059611,
1.81630374093,1.0278650138,
0.205192629816,1.0278650138,
0.788525963149,0.843400016993,
0.785353535354,-0.58805007723,
-0.54797979798,1.41990698369,
-3.54797979798,-0.433526784991,
0.0234487734488,-0.433526784991,
-1.54797979798,-0.615367866026,
-1.54797979798,-0.615367866026,
-1.54797979798,-0.454141283095,
5.45202020202,-0.454141283095,
4.45202020202,-0.76023690703,
-1.54797979798,-0.76023690703,
0.95202020202,1.4112194392,
-0.0479797979798,1.4112194392,
2.45202020202,1.40772448456,
-0.992424242424,-0.441106196795,
-1.71464646465,1.38879937928,
-2.54797979798,1.38879937928,
0.45202020202,-0.525744037768,
-1.54797979798,-0.600867938071,
-0.54797979798,-0.600867938071,
-0.54797979798,1.49438221287,
-0.262265512266,-0.717540913997,
2.45202020202,-0.717540913997,
-2.88131313131,-0.717540913997,
-5.54797979798,-0.717540913997,
-2.04797979798,-0.717540913997,
-1.71464646465,-0.717540913997,
-2.29797979798,-0.717540913997,
0.118686868687,-1.4998385012,
-0.0479797979798,-1.4998385012,
-0.881313131313,1.58543437669,
0.95202020202,-0.400368098172,
1.45202020202,-0.312946268387,
-0.14797979798,-0.384633860855,
-0.74797979798,-0.379325032295,
-1.54797979798,0.266057466627,
1.45202020202,-0.45997674952,
-0.54797979798,-0.45997674952,
-1.45100502513,-0.45997674952,
-1.20100502513,1.18975052916,
-0.201005025126,1.18975052916,
3.79899497487,0.694642835422,
-3.70100502513,0.694642835422,
-2.20100502513,0.694642835422,
0.465661641541,0.694642835422,
-0.534338358459,0.694642835422,
-1.70100502513,-1.41052899245,
0.465661641541,-1.41052899245,
-1.60100502513,0.99100230255,
-0.201005025126,0.99100230255,
0.132328308208,-1.8676799612,
4.29899497487,-1.02414827986,
-2.20100502513,-1.19033489141,
-2.20100502513,-1.19033489141,
5.29899497487,-1.19033489141,
0.576772752652,0.883532057063,
-1.20100502513,0.861232053748,
-1.86767169179,0.861232053748,
1.54899497487,0.99601491603,
1.79899497487,-1.01888144423,
-0.241005025126,0.902738780459,
4.79899497487,0.92011747123,
0.798994974874,-2.18606862286,
-2.20100502513,0.892022627227,
3.89195979899,1.20163919595,
-0.858040201005,-1.0292510882,
-0.908040201005,-1.0292510882,
5.89195979899,-1.0292510882,
0.00307091010609,-1.0292510882,
-1.10804020101,-0.773040172225,
-0.608040201005,-0.773040172225,
-1.25089734386,-0.773040172225,
1.55862646566,-0.773040172225,
1.26695979899,-1.14101640573,
-1.25089734386,-1.14101640573,
1.89195979899,1.15237486307,
0.597842151936,1.04462977455,
0.891959798995,1.27573304546,
-1.77470686767,1.27573304546,
3.39195979899,1.27573304546,
0.391959798995,-1.03895083947,
-1.10804020101,-0.768869613778,
-1.10804020101,-0.768869613778,
3.39195979899,-0.818696358477,
0.177674084709,-0.818696358477,
-2.10804020101,1.20696146941,
-0.108040201005,-0.766112787053,
0.255596162631,1.20565651736,
1.64195979899,1.09136453485,
-0.108040201005,1.09136453485,
-1.48304020101,-0.661415987843,
-0.308040201005,-0.617634986144,
0.0586264656616,-0.582841878244,
0.0586264656616,1.33399622273,
-0.733040201005,1.33399622273,
-1.85804020101,-0.0386312511303,
-0.108040201005,-0.842519742118,
-1.02108367927,1.20620802189,
-1.6192893401,0.0409563737328,
3.3807106599,0.895721283339,
1.3807106599,0.895721283339,
2.3807106599,0.779250347747,
-2.1192893401,-0.89212445748,
-1.28595600677,0.924293647327,
0.180710659898,0.35452633812,
0.580710659898,0.35452633812,
0.580710659898,0.35452633812,
-0.369289340102,-0.393721076511,
1.71404399323,0.930988305087,
3.8807106599,-0.915862598495,
-2.95262267343,-0.915862598495,
-0.819289340102,0.556996595983,
1.3807106599,1.08020762392,
-2.3692893401,-1.06375719855,
-0.619289340102,0.948652408369,
3.1307106599,0.948652408369,
0.980710659898,0.948652408369,
0.880710659898,-0.819417383454,
0.714043993232,-1.0148007792,
1.3807106599,-0.911986364181,
-1.6192893401,-0.916715211193,
-2.95262267343,-0.916715211193,
1.04737732657,-0.937341878738,
2.6307106599,0.987872968774,
-1.6192893401,1.10301971968,
-1.6192893401,1.10301971968,
0.380710659898,-0.943867291538,
0.380710659898,1.08689665231,
-1.6192893401,-1.11463916463,
-1.6192893401,-1.11463916463,
0.380710659898,-0.786900221995,
0.380710659898,0.777289268484,
4.71404399323,1.08459014615,
5.8807106599,-0.895496612906,
-0.964411027569,0.352569894982,
-0.87552213868,0.352569894982,
-0.0371383002962,0.352569894982,
0.521303258145,0.295279102746,
0.735588972431,0.295279102746,
0.294412501843,0.295279102746,
0.761904761905,-1.6036352307,
-0.217536027569,-1.6036352307,
-0.87552213868,0.240377641416,
-0.621553884712,0.280856093415,
-2.0977443609,0.528861079415,
0.235588972431,0.528861079415,
2.54135338346,-0.26181759288,
0.0426065162907,0.819842439105,
1.54260651629,1.09972429309,
1.04260651629,1.09972429309,
-0.957393483709,-1.06531908486,
0.375939849624,0.865222320582,
0.0426065162907,0.865222320582,
2.54260651629,0.78706347036,
0.375939849624,0.78706347036,
5.04260651629,0.79741518899,
6.04260651629,0.79741518899,
2.70927318296,0.751475505117,
2.04260651629,0.751475505117,
0.542606516291,0.752909057084,
2.29260651629,-1.15415185201,
-4.95739348371,0.880352147755,
-1.29072681704,0.955318838975,
4.04260651629,0.955318838975,
0.292606516291,-1.0689109204,
-3.62406015038,-1.0689109204,
2.20927318296,-1.00500969706,
-0.357393483709,-1.00500969706,
0.542606516291,-1.00500969706,
0.0426065162907,-1.00167943427,
0.709273182957,0.956950606341,
-0.457393483709,-1.07581329335,
-0.957393483709,-1.07581329335,
-1.62406015038,0.94142854023,
-1.95739348371,-0.998156529999,
-0.290726817043,-0.867535304988,
4.04260651629,-0.867535304988,
0.0426065162907,-0.953525571254,
-4.95739348371,-0.97524476922,
2.04260651629,-1.05878909362,
0.0426065162907,-1.05878909362,
0.374235336452,-1.0817424144,
-0.5067170445,0.758455757164,
-0.840050377834,0.763697318982,
-1.84005037783,1.07876075063,
-0.940050377834,-1.13882895684,
-0.340050377834,-0.974746933372,
0.159949622166,0.0999250247714,
-0.673383711167,0.0999250247714,
1.65994962217,-0.670664319253,
-1.34005037783,-0.670664319253,
-0.673383711167,-0.670664319253,
-0.673383711167,0.262012023818,
1.0235859858,-0.947932537462,
0.7432829555,-0.947932537462,
4.65994962217,0.562928339423,
-0.634168024893,-1.16399959216,
1.15994962217,1.00071297807,
-0.340050377834,0.742414548689,
0.909949622166,-1.02128904657,
-0.0900503778338,-1.03105667631,
-1.0067170445,0.946777284326,
-1.34005037783,1.02250499956,
-0.740050377834,-0.983353389843,
-0.197193234977,-0.983353389843,
0.9932829555,0.917110056217,
-1.21505037783,0.917110056217,
1.28494962217,0.917110056217,
0.159949622166,0.917110056217,
-1.34005037783,0.917110056217,
-0.673383711167,0.887013831054,
-0.0900503778338,1.04494351424,
0.409949622166,1.04494351424,
1.75657894737,-1.46148678829,
-0.168421052632,0.650594136678,
0.554655870445,-1.29937123919,
-1.36842105263,0.51971022023,
4.81155778894,-0.0895566918589,
-1.18844221106,-0.0485565356398,
-1.18844221106,-0.0485565356398,
-0.188442211055,0.0309145009423,
0.478224455611,0.0309145009423,
-1.18844221106,0.0309145009423,
-0.188442211055,0.0309145009423,
-1.18844221106,0.113961045771,
-1.18844221106,0.113961045771,
-0.188442211055,0.0856571646404,
0.311557788945,-0.0127314739448,
-0.188442211055,-0.0127314739448,
-1.43844221106,-0.0127314739448,
-0.188442211055,-0.0127314739448,
1.81155778894,-0.0127314739448,
0.811557788945,0.113388698655,
-0.188442211055,0.113388698655,
-1.18844221106,0.113388698655,
0.811557788945,0.113388698655,
3.31155778894,0.113388698655,
1.81155778894,0.113388698655,
0.311557788945,0.113388698655,
1.80982367758,0.180396735389,
6.97649034425,0.534024293286,
2.30982367758,0.534024293286,
2.16696653472,0.232099971727,
-1.19017632242,0.0757636145787,
-1.09017632242,0.35927139749,
-0.0901763224181,-0.719065983668,
-0.801287433529,-0.719065983668,
-1.35684298908,0.0571810580185,
1.30982367758,0.0571810580185,
-0.801287433529,-0.699997138797,
0.309823677582,-0.699997138797,
-0.440176322418,-0.699997138797,
-1.02350965575,0.403597129997,
0.754268122026,-0.539910480963,
0.309823677582,-0.0551266985827,
-2.69017632242,-0.0551266985827,
-1.80128743353,0.101572626951,
-0.815176322418,0.101572626951,
-1.69017632242,0.352082396645,
0.865379233137,0.352082396645,
1.47649034425,0.23658076705,
0.976490344249,-1.09276518808,
-2.69017632242,-1.09276518808,
0.595537963296,-0.840855918034,
3.30982367758,-0.840855918034,
1.05982367758,-0.840855918034,
-0.440176322418,0.157229713487,
-0.690176322418,0.446694115351,
-0.490176322418,0.183296930852,
0.309823677582,0.183296930852,
1.30982367758,0.290726067655,
-0.106842989085,0.290726067655,
1.06124371859,-1.03481317424,
-2.25125628141,-1.03481317424,
-0.626256281407,-1.03481317424,
-0.140145170296,-1.03481317424,
-0.473478503629,-1.03481317424,
0.948743718593,-1.03481317424,
2.74874371859,-1.03481317424,
0.248743718593,1.06139800943,
-0.051256281407,-0.972154167958,
0.748743718593,-0.972154167958,
-1.50125628141,-0.972154167958,
0.748743718593,-0.972154167958,
-0.10839913855,-0.972154167958,
-0.451256281407,-0.972154167958,
-1.10839913855,-0.972154167958,
-0.626256281407,0.945569332767,
-0.501256281407,0.945569332767,
2.74874371859,0.945569332767,
2.74874371859,0.945569332767,
-2.25125628141,0.945569332767,
-1.25125628141,0.945569332767,
0.859854829704,0.945569332767,
2.24874371859,0.945569332767,
-0.617922948074,0.945569332767,
-0.576826196474,0.859127687902,
0.423173803526,0.859127687902,
3.42317380353,0.927395614404,
-1.00539762504,0.927395614404,
-3.17682619647,0.977822897538,
1.8517452321,0.992097769584,
1.42317380353,0.895922394889,
0.103173803526,1.09568747998,
0.423173803526,1.09568747998,
1.42317380353,-0.934189140842,
-0.99349286314,0.853248945098,
-0.862540482188,0.956594528521,
-1.47682619647,-0.93953632415,
1.54317380353,-1.05643423682,
-2.57682619647,-0.885102381406,
3.42317380353,-2.80335222886,
0.483779864133,-1.19633467508,
0.673173803526,1.02480264866,
0.173173803526,0.805500525378,
-0.0768261964736,1.04835840317,
-0.476826196474,1.04835840317,
-0.436868686869,0.9634761015,
-0.936868686869,-1.22408648376,
-1.43686868687,-1.22408648376,
4.81313131313,-1.22408648376,
4.56313131313,0.814956187787,
-1.72258297258,0.814956187787,
-1.43686868687,0.814956187787,
-1.43686868687,-0.979620875625,
0.313131313131,-0.979620875625,
0.363131313131,0.779453601678,
-1.43686868687,0.779453601678,
-1.43686868687,1.03380161414,
-0.436868686869,0.271849111909,
-1.18686868687,-1.09098985436,
-1.43686868687,1.13919879919,
4.56313131313,1.13919879919,
0.947746697747,0.711280772968,
1.06313131313,0.711280772968,
0.674242424242,0.9671410665,
-1.53686868687,-1.10495677813,
-3.43686868687,-0.962739081146,
-1.43686868687,-1.1866470223,
0.563131313131,-0.926437330107,
-0.436868686869,-0.876552698487,
4.56313131313,-0.876552698487,
2.56313131313,-0.933698282049,
0.705988455988,-0.933698282049,
0.563131313131,1.04037283423,
3.06313131313,-0.810704829218,
-0.186868686869,-0.810704829218,
-1.10353535354,0.888488807081,
1.06313131313,0.901142555156,
-1.43686868687,0.0518810051754,
-2.5351758794,0.0518810051754,
-0.535175879397,0.0518810051754,
0.798157453936,0.667105548422,
5.4648241206,0.667105548422,
0.064824120603,0.574935837403,
1.0648241206,-1.48094810614,
-0.535175879397,-0.0337242691751,
-2.5351758794,-0.0337242691751,
3.4648241206,-1.40245797321,
-1.0351758794,-1.40245797321,
-2.5351758794,-0.233668104654,
-0.201842546064,0.604554309259,
1.4648241206,0.604554309259,
6.4648241206,0.604554309259,
1.8648241206,0.604554309259,
0.321966977746,-0.0470373286793,
-1.0351758794,-0.0470373286793,
0.0481574539363,-2.15621634085,
-0.201842546064,0.65984221299,
-1.0351758794,0.65984221299,
-1.5351758794,0.607437748168,
-0.285175879397,0.620373294205,
0.464824120603,0.620373294205,
0.464824120603,0.681082961561,
-1.0351758794,0.681082961561,
-2.20184254606,0.681082961561,
-0.535175879397,0.681082961561,
-0.86850921273,-0.928741445567,
1.2148241206,0.715100717986,
-2.5351758794,0.619412646803,
-2.5351758794,0.619412646803,
-6.5351758794,0.619412646803,
-0.86850921273,0.631149034988,
-0.845226130653,-1.54057800756,
-2.14522613065,0.29081808048,
-0.915189873418,0.932558903318,
-0.215189873418,-1.88854916633,
-0.415189873418,-1.88854916633,
-0.581856540084,-1.88854916633,
0.418143459916,-1.26824322939,
1.01338155515,1.07099218103,
-0.204663557628,1.07099218103,
-0.115189873418,-0.866644360609,
0.918143459916,-0.945923182134,
0.156238698011,1.1854585945,
-0.165189873418,-1.003615495,
-0.415189873418,-1.003615495,
1.25147679325,-1.003615495,
-0.359634317862,0.948987942285,
-0.460644418872,0.948987942285,
-0.215189873418,0.95433589301,
0.184810126582,0.95433589301,
1.58481012658,0.95433589301,
0.812727272727,-0.817934495761,
-1.18727272727,-0.817934495761,
-1.68727272727,-0.817934495761,
-1.68727272727,-0.762713826957,
-1.68727272727,-0.904519319763,
-0.687272727273,-0.740437296293,
-1.28727272727,0.125644859606,
0.646060606061,0.125644859606,
2.31272727273,0.125644859606,
0.312727272727,-0.989652310153,
0.646060606061,0.38559628184,
-1.68727272727,0.38559628184,
1.81272727273,-0.727564472521,
-0.258701298701,0.422389768415,
4.31272727273,0.745294721957,
-1.68727272727,0.745294721957,
4.31272727273,1.1466772527,
-0.187272727273,-0.738266532159,
0.0627272727273,-0.933018102496,
0.312727272727,-0.786979409489,
-1.68727272727,-0.766991425243,
1.31272727273,1.21398925036,
0.812727272727,1.21398925036,
-1.68727272727,1.27732803042,
-0.353939393939,1.27732803042,
-0.187272727273,1.28003647005,
2.31272727273,-0.500274922635,
-1.68727272727,-0.500274922635,
-1.68727272727,1.25055359385,
1.31272727273,-0.6366368394,
-2.68727272727,1.19503399728,
6.68513853904,1.19503399728,
-1.14819479429,0.942370163514,
-0.203750349846,1.23584696707,
-0.0648614609572,1.23584696707,
-1.31486146096,1.23584696707,
0.685138539043,1.23584696707,
-1.06486146096,1.23584696707,
2.68513853904,1.23584696707,
7.68513853904,-0.91535346931,
4.68513853904,0.816659051009,
0.0184718723762,0.918256482425,
-0.314861460957,0.918256482425,
1.59422944813,0.918256482425,
2.68513853904,-0.930049728367,
-2.31486146096,-0.930049728367,
-0.564861460957,0.994329397191,
3.18513853904,0.994329397191,
1.68513853904,1.09578521444,
1.85180520571,-1.04798675323,
-1.31486146096,-1.13217521093,
4.68513853904,1.04726339771,
-0.457718603814,1.04726339771,
1.43513853904,0.965871787142,
-2.31486146096,0.965871787142,
-0.0648614609572,1.13613946072,
1.12958298349,-0.94539308356,
-0.564861460957,-0.94539308356,
-3.06486146096,-0.95152900861,
1.68513853904,-0.846972642656,
-1.31486146096,-0.846972642656,
0.235138539043,-0.846972642656,
0.185138539043,-0.973245508242,
0.685138539043,1.14532300983,
3.01847187238,1.14532300983,
0.185138539043,-0.81740289728,
1.18513853904,-0.851800343039,
0.351805205709,-0.851800343039,
-0.314861460957,-0.984949839519,
-0.223952370048,0.990141295109,
0.234848484848,1.11453188433,
-2.76515151515,1.11453188433,
0.234848484848,-1.23412125309,
-0.598484848485,1.23943548621,
-0.401515151515,0.877697440653,
-2.56515151515,-0.931847188698,
-1.01515151515,-0.931847188698,
-1.76515151515,-0.904278105869,
3.23484848485,-0.904278105869,
-0.765151515152,-0.904278105869,
-1.76515151515,-0.904278105869,
-0.0984848484848,-1.05724762433,
1.23484848485,0.825666052222,
1.56818181818,-0.905032792788,
-2.76515151515,-0.905032792788,
-1.26515151515,-0.905032792788,
0.859848484848,-1.73161837043,
1.23484848485,0.943154615713,
-2.16515151515,0.943154615713,
-1.76515151515,0.945540641939,
1.83484848485,0.999434607501,
-2.01515151515,-2.20321371499,
1.73484848485,1.03362356949,
-0.265151515152,-0.943523510651,
1.73484848485,-0.943523510651,
-0.265151515152,1.06540474424,
-1.26515151515,1.06540474424,
7.23484848485,-0.897467521013,
1.23484848485,-0.914625440702,
2.90151515152,1.08862657765,
2.90151515152,0.959806488236,
4.56818181818,1.14524237384,
-1.09848484848,1.14524237384,
-0.0151515151515,1.14524237384,
2.73484848485,-0.989445331046,
-1.26515151515,-0.989445331046,
-1.73869346734,-0.989445331046,
-2.73869346734,-0.989445331046,
-1.23869346734,1.07220243634,
1.76130653266,1.07220243634,
-2.23869346734,1.07220243634,
-0.613693467337,1.07220243634,
-2.07202680067,0.842544975521,
-0.238693467337,0.795420350654,
2.26130653266,0.795420350654,
0.261306532663,-1.44709103386,
-0.238693467337,-1.44709103386,
-1.73869346734,-1.2319675185,
-1.73869346734,-1.2319675185,
1.76130653266,-1.26185008808,
1.68987796123,-1.05186954268,
-3.07202680067,-1.05186954268,
-1.31012203877,0.725387200329,
-1.48869346734,0.725387200329,
-2.73869346734,-1.10674266326,
-0.988693467337,0.765568678534,
0.661306532663,0.765568678534,
-0.738693467337,0.883618866982,
1.26130653266,0.883618866982,
0.261306532663,0.883618866982,
1.26130653266,0.883618866982,
-1.73869346734,0.857921988055,
-1.31012203877,0.857921988055,
1.26130653266,-0.980770313031,
0.461306532663,-0.980770313031,
0.761306532663,-0.980770313031,
2.26130653266,-1.1520811258,
3.76130653266,0.87997110632,
-2.07202680067,1.03898338416,
-1.23869346734,1.03898338416,
-1.23869346734,-0.995397206742,
-0.538693467337,0.835579304046,
-0.988693467337,0.663468691757,
2.26130653266,0.984612760392,
0.261306532663,-1.11751025113,
-1.57135678392,0.73821131609,
1.27864321608,0.73821131609,
2.65721464465,0.657199552315,
1.22864321608,0.657199552315,
-0.27135678392,-1.1637453477,
0.97864321608,-1.1637453477,
-0.77135678392,-1.1637453477,
-0.438023450586,0.497002512469,
-0.77135678392,-0.0788901933389,
1.22864321608,-0.0788901933389,
-2.77135678392,-0.377515837619,
-0.953174965738,0.654799955882,
-2.77135678392,-1.10840151487,
0.62864321608,-1.10840151487,
6.22864321608,-1.10840151487,
-2.77135678392,-1.10840151487,
-1.77135678392,-1.10840151487,
1.22864321608,-1.10840151487,
-3.77135678392,-1.10840151487,
2.42864321608,-1.23729677994,
-0.77135678392,-1.17385309564,
-1.05707106963,-1.20739430289,
6.22864321608,-0.076767853272,
0.22864321608,-0.076767853272,
0.22864321608,0.714912848588,
4.22864321608,0.714912848588,
2.72864321608,0.714912848588,
1.40511380432,0.714912848588,
-0.52135678392,0.821248011747,
-0.57135678392,0.821248011747,
-1.10469011725,0.821248011747,
0.371500358938,0.821248011747,
-0.729690117253,0.821248011747,
-1.7119760479,1.13213804867,
-0.574476047904,0.91750131746,
0.988023952096,0.346460660282,
-2.5119760479,-0.852690133595,
2.2880239521,0.791068652261,
-0.178642714571,0.39385795719,
-1.5119760479,-7.82746552329,
0.738023952096,0.188969184712,
-1.57864271457,0.677785677227,
-0.0119760479042,0.677785677227,
-2.36911890505,-0.933513756692,
0.988023952096,-0.792730090199,
1.20230966638,1.05114640466,
-1.73419827013,1.05114640466,
3.4880239521,1.15683621259,
0.868421052632,0.684711736416,
-0.381578947368,-1.08695074459,
1.36842105263,0.715426667696,
-0.0601503759398,-1.06666567914,
-1.74269005848,0.248740885087,
-1.63157894737,-2.09536496605,
2.0350877193,-2.09536496605,
-1.63157894737,0.72633626625,
-1.13157894737,0.72633626625,
-1.63157894737,0.72633626625,
-2.53157894737,-0.997595705055,
0.568421052632,0.599387074775,
-0.131578947368,0.851889872957,
1.36842105263,0.739669003659,
-0.256578947368,0.739669003659,
2.36842105263,0.89901434475,
-2.63157894737,0.89901434475,
-0.631578947368,0.989266957471,
1.63157894737,0.865591457357,
-2.63157894737,0.950607998314,
0.0350877192982,0.950607998314,
-1.63157894737,0.950607998314,
5.61842105263,0.950607998314,
0.796992481203,0.784637186293,
-0.0760233918129,0.659915042002,
2.36842105263,0.659915042002,
4.36842105263,-1.06087915229,
-1.23953098827,-0.581715073668,
2.42713567839,1.27369210041,
-1.64429289304,-0.540714917449,
2.00405875532,-0.670388968845,
-1.73953098827,-0.670388968845,
-2.47286432161,-0.670388968845,
1.92713567839,-0.670388968845,
1.92713567839,-0.670388968845,
-0.072864321608,-0.447150509809,
1.67713567839,-0.447150509809,
-1.07286432161,-0.447150509809,
-0.072864321608,-0.447150509809,
2.92713567839,-0.447150509809,
0.927135678392,-0.447150509809,
-0.072864321608,-0.447150509809,
-1.18397543272,-0.447150509809,
-1.07286432161,-0.447150509809,
0.927135678392,1.23877481616,
-0.822864321608,1.23877481616,
-0.272864321608,1.53422345355,
-3.07286432161,-0.609741368916,
-1.07286432161,0.451357536516,
2.92713567839,0.451357536516,
1.92713567839,0.451357536516,
-1.21572146447,-0.450416182193,
-0.072864321608,-0.450416182193,
0.677135678392,-0.450416182193,
-2.07286432161,-0.450416182193,
0.927135678392,-0.450416182193,
-1.35857860732,-0.454668633005,
-1.57286432161,-0.438463403861,
0.260469011725,-0.485477475113,
-1.07286432161,0.180688626227,
-0.072864321608,0.180688626227,
2.59380234506,0.180688626227,
0.677135678392,0.180688626227,
-0.322864321608,0.180688626227,
-0.739530988275,0.180688626227,
0.427135678392,0.180688626227,
2.59380234506,0.180688626227,
-2.07286432161,0.180688626227,
0.479746835443,0.576003571562,
-0.35358649789,-1.24585800089,
-3.02025316456,-1.24585800089,
0.779746835443,0.686485235678,
-0.220253164557,0.686485235678,
-3.02025316456,0.613524823001,
0.479746835443,0.613524823001,
1.57974683544,0.613524823001,
-3.02025316456,0.613524823001,
-0.220253164557,0.613524823001,
1.57974683544,0.613524823001,
-0.520253164557,0.705857887089,
-1.02025316456,0.705857887089,
1.72974683544,0.705857887089,
-0.020253164557,0.705857887089,
-2.02025316456,0.705857887089,
-0.020253164557,0.705857887089,
0.265461121157,0.705857887089,
-3.35358649789,0.705857887089,
-1.02025316456,0.705857887089,
0.354746835443,0.700468146932,
1.17974683544,-1.29123815033,
0.979746835443,0.525652012439,
-0.020253164557,0.525652012439,
-0.734538878843,0.525652012439,
-0.020253164557,0.525652012439,
-3.52025316456,0.525652012439,
-0.020253164557,0.525652012439,
-3.02025316456,0.646291593782,
6.97974683544,-1.24203190375,
-2.35358649789,-1.30490302011,
0.979746835443,-1.30490302011,
-0.020253164557,-1.30490302011,
-2.02025316456,0.736591007094,
0.813080168776,0.736591007094,
2.97974683544,0.583518724059,
-0.620253164557,-1.16826551928,
-4.02025316456,-1.16826551928,
-0.420253164557,0.477903592719,
1.47974683544,0.477903592719,
-0.918987341772,1.0748533445,
-0.318987341772,-0.89002964553,
-1.06184448463,-1.17199610862,
1.08101265823,-1.17199610862,
-0.828078250863,-1.17199610862,
0.831012658228,-1.17199610862,
-1.41898734177,-0.866932093179,
0.281012658228,-0.866932093179,
-3.41898734177,-0.866932093179,
-1.41898734177,-0.866932093179,
0.581012658228,1.11355161655,
-0.655829447035,1.11355161655,
0.331012658228,1.30795746803,
8.08101265823,1.30795746803,
2.08101265823,1.04740658728,
0.0810126582278,-0.807137518171,
0.331012658228,-0.807137518171,
-0.918987341772,-0.89891464337,
-1.20470162749,-0.89891464337,
-1.16898734177,-0.89891464337,
1.24767932489,-0.89891464337,
-1.41898734177,-0.818312069138,
-0.418987341772,1.06782266887,
-0.518987341772,1.06782266887,
-0.668987341772,1.29342635273,
-1.91898734177,-0.641176852125,
-1.27192851824,-0.641176852125,
-0.191714614499,-0.655465329661,
1.37513030529,-0.655465329661,
0.0810126582278,-0.655465329661,
0.969901547117,-0.819349043194,
-1.31898734177,1.1826661559,
0.379978078188,-1.64441757076,
1.15140664962,0.098250376131,
-0.191450493241,-0.562545751263,
-0.0843076360979,0.330166771035,
0.165692363902,0.0687714520195,
-0.519181585678,0.28443782336,
-2.48815165877,-1.2707386717,
1.01184834123,-1.2707386717,
0.711848341232,-1.2707386717,
-2.48815165877,-1.2707386717,
0.511848341232,-1.2707386717,
-0.488151658768,-1.2707386717,
-2.48815165877,-1.2707386717,
0.511848341232,-1.2707386717,
0.511848341232,-1.2707386717,
6.51184834123,-1.2707386717,
0.511848341232,-1.2707386717,
3.31184834123,-1.2707386717,
0.511848341232,-1.2707386717,
-0.488151658768,-1.2707386717,
-0.988151658768,-1.2707386717,
0.511848341232,-1.2707386717,
-3.15481832543,-1.2707386717,
-0.154818325434,-1.2707386717,
-0.988151658768,-1.2707386717,
-2.8214849921,-1.2707386717,
-0.488151658768,-1.2707386717,
0.511848341232,-1.2707386717,
0.0118483412322,-1.2707386717,
0.511848341232,-1.2707386717,
-1.23815165877,-1.2707386717,
-2.48815165877,-1.2707386717,
-0.377040547657,-1.2707386717,
0.511848341232,-1.2707386717,
0.178515007899,-1.2707386717,
6.51184834123,-1.2707386717,
0.511848341232,-1.2707386717,
5.84518167457,-1.2707386717,
1.51184834123,-1.2707386717,
3.51184834123,-1.2707386717,
-2.48815165877,-1.2707386717,
-0.45,-1.2707386717,
0.55,-1.2707386717,
-0.45,-1.2707386717,
4.55,-1.2707386717,
4.55,-1.2707386717,
-2.45,-1.2707386717,
1.55,-1.2707386717,
-2.45,-1.2707386717,
-0.783333333333,-1.2707386717,
0.55,-1.2707386717,
0.55,-1.2707386717,
0.55,-1.2707386717,
0.55,-1.2707386717,
-4.45,-1.2707386717,
-0.45,-1.2707386717,
-0.294117647059,-0.977870094028,
-0.294117647059,-0.977870094028,
-2.29411764706,-0.899662293333,
1.33088235294,-1.2930622052,
-4.79411764706,0.978062458497,
0.705882352941,0.144800782021,
2.30588235294,0.144800782021,
4.70588235294,0.21291763989,
2.30588235294,0.829710427025,
0.705882352941,-0.511814265606,
-0.40522875817,0.98825854348,
-0.294117647059,1.21606218476,
-1.29411764706,-1.69501352149,
-2.29411764706,-1.69501352149,
-0.294117647059,1.01715852325,
2.70588235294,0.947650345411,
0.705882352941,-0.971303112069,
1.95588235294,-0.971303112069,
0.261437908497,-0.852505384282,
5.70588235294,0.961985813466,
-0.294117647059,0.961985813466,
-1.12745098039,0.10318194608,
-4.29411764706,0.10318194608,
0.372549019608,-1.14566783099,
0.705882352941,-1.14566783099,
-0.210784313725,-0.838748967023,
-1.79411764706,-1.28820394031,
-1.04411764706,1.1301669572,
-1.61739130435,1.06956801368,
-2.64411027569,0.645059668661,
3.35588972431,0.645059668661,
1.35588972431,0.214388149043,
3.35588972431,-0.045678724599,
-1.64411027569,-0.045678724599,
-1.64411027569,-0.045678724599,
0.0225563909774,-0.045678724599,
2.15588972431,-0.045678724599,
-2.14411027569,-0.045678724599,
2.35588972431,-0.045678724599,
0.355889724311,-1.15247696237,
-1.64411027569,-1.15247696237,
0.355889724311,-1.15247696237,
-0.0441102756892,-1.15247696237,
-1.64411027569,-1.15247696237,
2.35588972431,-1.15247696237,
0.537707906129,-1.08244974607,
-2.31836734694,0.909207798138,
0.681632653061,-0.973607322097,
-2.31836734694,-0.825477753654,
-2.31836734694,-0.825477753654,
3.68163265306,1.10506365178,
3.68163265306,1.10506365178,
-1.81836734694,1.10506365178,
-2.31836734694,-0.994486900119,
-2.31836734694,0.785043468793,
-1.31836734694,-1.07766227964,
-1.65170068027,-1.07766227964,
-0.318367346939,-0.829069589194,
-2.31836734694,1.1660787846,
-0.918367346939,-0.656346426316,
-2.31836734694,1.15178699523,
1.91692677071,0.97884019262,
1.68163265306,-0.896802037259,
1.18163265306,1.09385995234,
0.410192147034,0.502713357356,
1.03412377097,0.258398029866,
1.57258530943,-1.39681957501,
-0.978696741855,0.409452099519,
2.61654135338,0.409452099519,
1.58796992481,0.553208276523,
-1.81203007519,0.280087531984,
-0.478696741855,0.0829898222798,
1.4956622325,0.403562942869,
1.36978810663,0.400932075529,
-0.812030075188,-1.41067879558,
-0.812030075188,0.538638178108,
2.13032581454,0.470617119813,
0.130325814536,0.470617119813,
-3.86967418546,0.470617119813,
7.13032581454,-0.971459147646,
3.13032581454,1.04011213257,
8.13032581454,0.765240799923,
-6.36967418546,0.765240799923,
-1.86967418546,0.765240799923,
3.13032581454,0.765240799923,
-1.36967418546,0.765240799923,
3.13032581454,0.765240799923,
1.13032581454,0.765240799923,
1.13032581454,1.026281459,
-0.369674185464,-0.901191777816,
-0.869674185464,-0.763504627332,
1.13032581454,-0.763504627332,
-0.369674185464,-0.763504627332,
2.13032581454,-0.763504627332,
1.7969924812,-0.763504627332,
2.46365914787,1.05270993979,
-1.2333105491,0.89785627358,
-2.86967418546,0.89785627358,
-2.86967418546,0.89785627358,
1.9137279597,0.89785627358,
0.697061293031,0.89785627358,
-1.8362720403,0.89785627358,
-1.8362720403,0.89785627358,
-1.69341489745,0.89785627358,
-0.936272040302,0.89785627358,
1.08680488277,0.89785627358,
1.22391857506,0.0,
-0.10941475827,0.0,
-0.776081424936,0.0,
-2.4427480916,0.0,
7.5572519084,0.0,
1.8072519084,0.0,
-0.776081424936,0.0,
-1.6927480916,0.0,
0.223918575064,0.0,
5.5572519084,0.0,
0.557251908397,0.0,
0.223918575064,0.0,
3.5572519084,0.0,
2.7572519084,0.0,
-6.4427480916,0.0,
-3.77608142494,0.0,
-1.2427480916,0.0,
0.307251908397,0.0,
-4.4427480916,0.0,
-2.4427480916,0.0,
-0.242748091603,0.0,
-0.442748091603,0.0,
-1.2427480916,0.0,
-4.4427480916,0.0,
0.557251908397,0.0,
-1.4427480916,0.0,
0.271537622683,0.0,
-1.2427480916,0.0,
2.89058524173,0.0,
0.807251908397,0.0,
2.5572519084,0.0,
-0.776081424936,0.0,
5.5572519084,0.0,
1.5572519084,0.0,
5.89058524173,0.0,
0.0572519083969,0.0,
-2.10941475827,0.0,
1.5572519084,0.0,
0.128680479826,0.0,
2.0572519084,0.0,
0.557251908397,0.0,
-1.26884422111,0.0,
-2.26884422111,-1.11659914642,
-0.768844221106,-1.11659914642,
-0.935510887772,-1.11659914642,
0.231155778894,-1.16827959463,
2.73115577889,-1.16827959463,
-0.268844221106,-1.16827959463,
-1.26884422111,-1.16827959463,
2.73115577889,-9.24645761657e-05,
-0.602177554439,-9.24645761657e-05,
-2.26884422111,1.0226030093,
-2.76884422111,0.925928426636,
-2.26884422111,0.925928426636,
0.731155778894,0.976600734466,
-0.768844221106,0.932433121748,
-0.268844221106,0.932433121748,
3.73115577889,-0.978523533886,
2.20802005013,0.596953462108,
-0.791979949875,-0.510710961859,
2.70802005013,0.607241097268,
3.20802005013,-0.542876874562,
0.208020050125,0.605017125523,
-0.699248120301,1.1369647389,
4.3007518797,-0.679757258276,
1.5507518797,-0.754837510016,
4.8007518797,1.06058486218,
-1.36591478697,1.06058486218,
-0.949248120301,1.15219056909,
2.1007518797,1.15219056909,
1.3007518797,1.15219056909,
-0.199248120301,1.15219056909,
-1.6992481203,0.920486268397,
-1.6992481203,0.920486268397,
2.3007518797,1.12588056311,
-0.699248120301,1.12588056311,
3.3007518797,1.12588056311,
-1.4492481203,1.12588056311,
-1.6992481203,1.12588056311,
-1.6992481203,-0.78942129058,
-1.6992481203,-0.802938415907,
-1.6992481203,-0.623312880073,
-1.1992481203,-0.623312880073,
2.8007518797,-0.69500047254,
-0.0325814536341,-0.69500047254,
-1.6992481203,1.30362140908,
-1.11486001436,1.03095054726,
0.170854271357,0.896603301063,
-0.99581239531,0.896603301063,
0.670854271357,0.917155058684,
-1.82914572864,-0.875546308595,
-1.82914572864,0.89726993169,
-0.829145728643,-0.801352410725,
1.17085427136,-0.801352410725,
0.770854271357,-0.801352410725,
-1.82914572864,-0.313784051436,
0.770854271357,-0.313784051436,
7.50418760469,1.0248691572,
0.670854271357,-0.856679431471,
3.17085427136,-0.856679431471,
0.170854271357,0.674868709639,
-0.829145728643,1.00733112529,
0.50418760469,-1.0324571758,
-1.60692350642,-1.08668805831,
-2.16247906198,-1.08668805831,
-0.829145728643,0.965507936608,
-1.42914572864,0.983020730305,
1.0279971285,0.983020730305,
-0.629145728643,-0.914396673436,
3.17085427136,-0.914396673436,
-2.05136795087,1.14296339545,
-0.329145728643,-0.652251188269,
-1.82914572864,-0.894203466759,
-0.412479061977,-0.894203466759,
-0.829145728643,-0.958140529289,
-0.829145728643,-0.8310936461,
1.17085427136,1.16215770992,
9.17085427136,-1.06839268563,
4.67085427136,-0.714516629728,
-0.400574300072,-0.76827844704,
1.83752093802,-0.76827844704,
-1.16247906198,-0.76827844704,
4.24120603015,-1.37726372841,
0.741206030151,-1.37726372841,
-1.42546063652,0.392989999902,
-1.25879396985,0.392989999902,
0.574539363484,-1.50836644684,
-0.758793969849,0.566988681908,
-0.758793969849,0.0728908609772,
-1.25879396985,0.0728908609772,
-1.15879396985,0.0728908609772,
-2.75879396985,0.0728908609772,
-1.25879396985,0.0728908609772,
-0.758793969849,0.0728908609772,
1.24120603015,0.705972179032,
3.90787269682,0.705972179032,
-0.330222541278,0.255223162034,
-1.20323841429,0.255223162034,
0.741206030151,-0.341336810813,
-0.758793969849,-1.52182300503,
-0.842127303183,0.534020436371,
0.241206030151,-1.31797043268,
-2.75879396985,-1.31797043268,
-1.09212730318,0.726303557975,
2.90787269682,0.726303557975,
0.241206030151,0.634059906353,
-0.758793969849,0.988933669183,
-0.258793969849,0.988933669183,
-0.0921273031826,0.988933669183,
2.74120603015,0.606833604245,
5.24120603015,0.528275627832,
2.24120603015,0.39025539084,
0.521206030151,0.39025539084,
-0.258793969849,0.39025539084,
1.13910761155,0.748870766748,
-0.360892388451,0.748870766748,
0.139107611549,-1.16662522566,
2.63910761155,0.482302766084,
-1.86089238845,-1.10986147423,
-0.860892388451,-0.16192195254,
1.63910761155,-0.16192195254,
-1.86089238845,-0.16192195254,
3.13910761155,0.859059367128,
-0.860892388451,-1.25485145275,
-0.360892388451,0.698177296876,
-1.86089238845,-1.13369536342,
5.13910761155,0.875958121171,
0.139107611549,-1.12850985047,
-0.860892388451,0.778131321851,
2.13910761155,-1.01054682693,
0.139107611549,0.840771586629,
7.13910761155,0.573264193437,
-1.86089238845,0.812479785622,
0.557934508816,0.684901425092,
0.457934508816,0.684901425092,
-1.14206549118,0.684901425092,
0.391267842149,0.684901425092,
1.39126784215,0.684901425092,
-0.192065491184,0.684901425092,
-0.442065491184,0.684901425092,
1.00237895326,0.684901425092,
0.557934508816,0.684901425092,
-0.275398824517,0.684901425092,
-0.942065491184,0.684901425092,
0.0579345088161,0.684901425092,
-0.275398824517,0.684901425092,
-1.49378962911,0.684901425092,
-0.942065491184,0.684901425092,
1.05793450882,0.684901425092,
-1.94206549118,0.684901425092,
-1.64206549118,0.684901425092,
-1.44206549118,0.684901425092,
-1.77539882452,0.684901425092,
-0.342065491184,0.684901425092,
-1.77539882452,0.684901425092,
2.04260651629,0.684901425092,
-0.557393483709,0.613444564497,
-1.95739348371,0.82262603461,
2.04260651629,-1.48284796182,
-1.95739348371,0.857704545407,
1.04260651629,0.658259385178,
-1.95739348371,-1.14089857357,
2.04260651629,-1.14089857357,
1.70927318296,-1.14089857357,
2.37593984962,-1.14089857357,
-1.95739348371,-1.14089857357,
1.70927318296,-1.14089857357,
1.04260651629,-1.14089857357,
3.54260651629,-1.14089857357,
1.37593984962,0.693123584881,
-1.95739348371,0.810714500908,
-0.457393483709,0.810714500908,
1.37593984962,-1.1407469714,
2.04260651629,0.56695957056,
0.0426065162907,0.751226560777,
2.54260651629,0.751226560777,
1.70927318296,-1.19363237446,
-1.08239348371,0.594249270497,
1.04260651629,0.594249270497,
-1.95739348371,-1.17772384656,
-2.15739348371,0.825972403291,
-0.957393483709,0.825972403291,
1.37593984962,0.825972403291,
-0.957393483709,-1.08977993065,
0.709273182957,0.750652112797,
-0.957393483709,-1.20656102107,
-1.08239348371,-1.20656102107,
0.0426065162907,0.779097367248,
-0.457393483709,-1.12946138518,
-0.957393483709,-1.12946138518,
1.37593984962,0.651011169574,
0.0426065162907,0.651011169574,
2.44260651629,0.670249261839,
-0.357393483709,0.670249261839,
0.0426065162907,0.670249261839,
-0.777215189873,-0.650990999437,
-2.77721518987,-0.954018678598,
-2.77721518987,-0.593896762218,
-0.777215189873,-0.593896762218,
-1.07721518987,1.09141957441,
1.22278481013,1.09141957441,
-0.777215189873,1.09141957441,
-1.77721518987,-1.09616538645,
1.22278481013,-1.09616538645,
0.472784810127,0.955600678773,
-1.77721518987,0.955600678773,
1.55611814346,-0.735133476473,
2.72278481013,-0.735133476473,
-3.77721518987,-0.735133476473,
-0.577215189873,-0.735133476473,
-2.77721518987,-0.735133476473,
4.22278481013,-0.784891219249,
5.22278481013,1.0172729051,
3.22278481013,1.0172729051,
-0.44388185654,1.26254795265,
1.55611814346,-0.775512364144,
-3.27721518987,-0.775512364144,
-1.44388185654,-0.451942407545,
-2.11054852321,1.18726145127,
-0.491500904159,1.26472405347,
-4.77721518987,-0.633796765228,
1.97278481013,1.48662489575,
2.72278481013,1.48662489575,
3.6513562387,-0.676644626617,
1.22278481013,-1.09483296956,
0.972784810127,0.231418500183,
0.222784810127,0.231418500183,
-0.0795739348371,0.231418500183,
-1.57957393484,1.68485316383,
-0.329573934837,1.68485316383,
3.17042606516,1.68485316383,
0.83709273183,1.68485316383,
-0.543859649123,1.68485316383,
1.17042606516,1.68485316383,
1.57042606516,1.68485316383,
-0.0795739348371,1.68485316383,
1.17042606516,1.68485316383,
-0.329573934837,1.68485316383,
-0.829573934837,1.68485316383,
-0.16290726817,1.68485316383,
0.83709273183,1.68485316383,
-0.329573934837,1.68485316383,
-3.02957393484,-0.828578947709,
0.420426065163,-0.828578947709,
-0.229573934837,-0.828578947709,
-0.829573934837,-0.828578947709,
-1.82957393484,-0.828578947709,
-1.32957393484,-0.828578947709,
-1.82957393484,-0.828578947709,
0.770426065163,-0.828578947709,
2.17042606516,-0.255395770668,
-1.68671679198,-0.600878445454,
0.0275689223058,-0.600878445454,
0.545426065163,-0.600878445454,
-0.579573934837,-0.600878445454,
0.0275689223058,-0.600878445454,
-1.42957393484,-0.600878445454,
-0.193210298473,-0.600878445454,
0.170426065163,-0.600878445454,
-3.32957393484,-0.600878445454,
-1.82957393484,-0.600878445454,
1.11658291457,0.382536473015,
-0.111988513999,0.592960922104,
0.649916247906,0.213716175289,
-1.111988514,-0.813678211969,
2.11658291457,-0.813678211969,
0.888011486001,-0.813678211969,
1.69158291457,0.476995665364,
4.31658291457,0.476995665364,
1.64991624791,0.192288967287,
4.06658291457,-1.32152860385,
-0.683417085427,-1.32152860385,
-0.956144358154,0.584620255519,
3.17372577172,0.657885342865,
0.899916247906,0.531997685294,
0.649916247906,0.531997685294,
0.316582914573,0.604958644318,
0.566582914573,0.494324116881,
-0.933417085427,0.494324116881,
2.06658291457,0.494324116881,
1.17372577172,0.494324116881,
-0.183417085427,-1.36409075069,
-0.308080808081,0.625684302881,
-1.14141414141,0.625684302881,
-1.20808080808,0.385022997309,
0.108585858586,-0.278832462762,
-1.64141414141,-0.41009705823,
-0.372183372183,-0.41009705823,
0.016480595428,-0.468353420135,
2.00144300144,-0.527214855788,
-0.0414141414141,-0.527214855788,
1.10858585859,-0.527214855788,
1.35858585859,-0.527214855788,
-0.141414141414,0.479581466333,
0.358585858586,0.555168940685,
1.1443001443,-0.803503881384,
-0.341414141414,-0.803503881384,
2.52525252525,-0.803503881384,
-0.381414141414,0.448659257165,
0.1443001443,0.448659257165,
-1.64141414141,0.448659257165,
3.23333333333,-0.813279634628,
0.233333333333,-0.88007837705,
-2.42167919799,0.0,
-0.252525252525,0.0,
-2.80808080808,0.0,
2.85858585859,0.160370986389,
-0.141414141414,0.477971254574,
2.85858585859,0.174063885961,
-0.141414141414,0.378554291991,
-2.14141414141,-0.546449274683,
2.85858585859,-0.546449274683,
1.19191919192,-1.47741317996,
-2.14141414141,-1.47741317996,
2.85858585859,-0.448407678386,
-0.141414141414,-0.448407678386,
-1.71284271284,-0.265168102926,
-0.141414141414,-0.265168102926,
0.636363636364,-0.265168102926,
0.108585858586,-0.416423088405,
0.525252525253,-0.416423088405,
-2.47474747475,-0.0508238782293,
-0.474747474747,-0.0508238782293,
2.00144300144,-0.0508238782293,
-0.59595959596,-0.0508238782293,
3.85858585859,-0.0508238782293,
-0.141414141414,-0.0508238782293,
-1.80808080808,-0.0508238782293,
-1.14141414141,0.480022755456,
-0.641414141414,0.480022755456,
-0.541414141414,0.49532487282,
0.525252525253,-0.892329434239,
-2.14141414141,0.481156902646,
-0.141414141414,0.481156902646,
0.313131313131,0.481156902646,
2.35858585859,0.481156902646,
-2.14141414141,0.609693227226,
-0.641414141414,0.609693227226,
1.52525252525,0.609693227226,
2.85858585859,0.35983370431,
0.400502512563,1.26108352097,
-3.0661641541,1.14148541556,
0.600502512563,-0.686480540638,
1.60050251256,1.19249565552,
-0.399497487437,1.19249565552,
-1.39949748744,-0.801796010355,
-1.39949748744,-0.801796010355,
-3.89949748744,-0.801796010355,
-0.999497487437,-0.653170944314,
1.60050251256,-0.977859079833,
-0.999497487437,-0.977859079833,
-0.944952032892,0.642684389782,
3.35050251256,0.642684389782,
-1.0661641541,0.642684389782,
0.600502512563,0.642684389782,
0.600502512563,0.642684389782,
2.60050251256,0.642684389782,
0.600502512563,-0.682493585814,
6.60050251256,-0.787575061305,
-0.899497487437,-0.858207852464,
1.70050251256,-0.547300252003,
0.138964051024,-0.547300252003,
1.26716917923,-0.628249874582,
5.60050251256,-0.664447462423,
0.200502512563,-0.664447462423,
0.600502512563,-0.664447462423,
2.60050251256,-0.60384490929,
-2.39949748744,-0.586450235897,
-1.39949748744,1.22531388933,
-1.5661641541,1.22531388933,
0.100502512563,-0.728449501629,
1.26716917923,-0.498348268965,
3.9338358459,-0.498348268965,
1.60050251256,-0.498334072702,
-0.732830820771,1.2642366063,
4.10050251256,1.13348526057,
-1.39949748744,1.28291800855,
3.10050251256,1.38360184335,
-0.733082706767,-1.03213242265,
-1.03308270677,-1.03213242265,
-0.633082706767,-0.93917548117,
-2.23308270677,-0.93917548117,
2.10025062657,-0.93917548117,
1.51691729323,-0.93917548117,
-1.09022556391,1.0209061182,
-1.43308270677,1.0209061182,
1.76691729323,0.918509698505,
7.76691729323,0.918509698505,
-0.233082706767,-1.30990831496,
1.76691729323,-1.30990831496,
-0.233082706767,0.937638812225,
0.766917293233,0.937638812225,
-0.433082706767,0.977948351767,
3.76691729323,-0.928628395911,
3.76691729323,-0.928628395911,
-2.23308270677,0.928380960571,
-2.23308270677,0.928380960571,
-0.399749373434,1.0076029106,
0.338345864662,0.96189743224,
-0.938965059708,-1.20569972638,
-0.233082706767,-1.20569972638,
0.0526315789474,-1.20569972638,
-0.733082706767,-0.938313688131,
-2.43308270677,-0.938313688131,
-2.23308270677,-0.938313688131,
-0.233082706767,-0.843587594123,
-2.23308270677,-0.843587594123,
-0.233082706767,-0.843587594123,
0.766917293233,-1.04528058056,
0.891917293233,1.07534159601,
0.766917293233,1.2048185556,
-0.733082706767,1.2048185556,
-1.23308270677,-0.772115815435,
-0.733082706767,1.01079676633,
0.766917293233,0.816654181634,
1.10025062657,-0.980269941403,
0.516917293233,-0.980269941403,
1.79715302491,0.572001690304,
-2.20284697509,-1.39315778984,
3.50757575758,-1.35785960891,
2.34090909091,-1.35785960891,
1.00757575758,0.752815904547,
-1.99242424242,0.752815904547,
-0.992424242424,-1.27316792546,
0.00757575757576,-1.4890524847,
1.34090909091,-1.2518871274,
-1.99242424242,-0.161142767339,
0.632575757576,0.436313015281,
0.507575757576,0.463532022109,
-1.99242424242,-0.393379377937,
0.00757575757576,-0.393379377937,
-2.32575757576,0.740904370846,
-1.99242424242,0.071190755292,
-2.99242424242,0.071190755292,
-1.99242424242,0.728447417326,
-1.99242424242,0.728447417326,
2.25757575758,0.628176470623,
0.607575757576,0.628176470623,
3.00757575758,0.628176470623,
0.674242424242,0.701458739915,
1.88257575758,0.701458739915,
-0.992424242424,0.833073861743,
-2.99242424242,0.833073861743,
3.43614718615,0.833073861743,
-1.59242424242,0.833073861743,
-0.592424242424,-0.164761782724,
-0.992424242424,-0.164761782724,
1.34090909091,-0.164761782724,
2.75757575758,-0.503752065052,
3.11868686869,0.65428716995,
-0.992424242424,0.65428716995,
-0.507575757576,0.65428716995,
-0.507575757576,-0.518971883672,
7.15909090909,-0.518971883672,
4.49242424242,-0.518971883672,
3.49242424242,-0.518971883672,
-0.507575757576,-0.365093572865,
-0.507575757576,1.80750037696,
-0.613578680203,-0.14837804994,
-0.667150108774,-0.14837804994,
-0.638578680203,-0.14837804994,
-1.2385786802,-0.14837804994,
-0.238578680203,-0.14837804994,
0.0947546531303,-0.14837804994,
-1.4885786802,-0.14837804994,
-0.988578680203,-0.14837804994,
-1.2385786802,-0.14837804994,
-1.2385786802,-0.14837804994,
-1.2385786802,-0.14837804994,
-1.2385786802,-0.14837804994,
0.261421319797,-0.14837804994,
-0.238578680203,-0.14837804994,
-1.2385786802,-0.14837804994,
0.761421319797,-0.14837804994,
-1.2385786802,-0.14837804994,
-0.90524534687,-0.14837804994,
3.1614213198,-0.14837804994,
-2.2385786802,-0.14837804994,
1.42808798646,-0.14837804994,
1.59475465313,-0.14837804994,
0.011421319797,-0.14837804994,
2.7614213198,-0.14837804994,
-1.2385786802,-0.14837804994,
-0.738578680203,-0.14837804994,
2.0114213198,-0.14837804994,
2.2614213198,-0.14837804994,
-0.90524534687,-0.14837804994,
-1.2385786802,-0.14837804994,
-1.7385786802,-0.14837804994,
-0.488578680203,-0.14837804994,
-0.438578680203,-0.14837804994,
-1.0385786802,-0.14837804994,
-0.738578680203,-0.14837804994,
-1.2385786802,-0.14837804994,
-1.2385786802,-0.14837804994,
-0.952864394489,-0.14837804994,
0.761421319797,-0.14837804994,
-1.57191201354,-0.14837804994,
-1.90524534687,-0.14837804994,
0.814606741573,0.771834737608,
0.814606741573,0.684129458985,
3.81460674157,0.816922956263,
1.81460674157,0.845067222724,
3.81460674157,0.724166154998,
4.81460674157,0.66909486765,
-0.185393258427,0.66909486765,
1.81460674157,0.881519562962,
0.743107769424,0.881519562962,
-0.756892230576,0.881519562962,
-0.756892230576,0.881519562962,
-0.756892230576,0.881519562962,
-0.756892230576,0.881519562962,
0.743107769424,0.881519562962,
0.243107769424,0.881519562962,
-0.756892230576,0.881519562962,
-0.756892230576,0.881519562962,
0.243107769424,0.881519562962,
-0.756892230576,0.881519562962,
2.1959798995,0.481592420478,
0.495979899497,0.598564140829,
0.514161717679,0.598564140829,
-1.3040201005,0.57737947765,
-0.304020100503,0.481104858739,
-1.16116295765,0.561315095211,
-1.7040201005,-0.4919162641,
1.1959798995,-0.4919162641,
1.6959798995,-0.384792514147,
1.1959798995,0.934720855606,
-3.3040201005,-0.443500761012,
-3.0540201005,-0.443500761012,
1.4959798995,-0.443500761012,
1.6959798995,-0.244300671719,
-4.3040201005,0.201821564163,
1.1959798995,0.201821564163,
5.6959798995,0.572936909847,
7.6959798995,-1.44410670612,
-1.5540201005,0.519405636779,
0.695979899497,0.609454969759,
4.02931323283,0.609454969759,
-0.304020100503,0.609454969759,
-1.3040201005,0.462090580704,
-2.3040201005,0.900903234948,
-0.0540201005025,-1.46369317978,
4.6959798995,-1.46369317978,
-2.3040201005,-1.60359361805,
-0.470686767169,-1.60359361805,
0.495979899497,-1.60359361805,
-3.3040201005,-1.60359361805,
0.0293132328308,-1.60359361805,
0.244987468672,-1.33644412714,
-0.560568086884,-1.33644412714,
-0.171679197995,-1.56170109245,
-1.33834586466,0.647369284627,
-1.57644110276,0.565346842465,
-1.00501253133,0.663735847733,
-1.83834586466,-0.19932437192,
-1.57644110276,-0.19932437192,
-0.00501253132832,-1.35946827371,
0.694987468672,-1.35946827371,
-1.57644110276,0.280663871464,
-0.00501253132832,0.280663871464,
-0.290726817043,0.0510398879229,
2.19498746867,0.615525940468,
-0.0959216222374,0.818086141171,
0.328320802005,-0.0040476291809,
0.661654135338,-0.0040476291809,
-2.00501253133,0.345420740454,
-2.00501253133,-1.33428320038,
0.744987468672,-1.33428320038,
0.661654135338,0.6723579709,
1.24498746867,0.545854622208,
-0.147869674185,0.636258342938,
-0.671679197995,0.693118607696,
-1.50501253133,-1.24177034654,
-0.671679197995,0.78203563104,
0.661654135338,-0.231277044758,
-1.20501253133,-0.231277044758,
-0.116123642439,-1.0885541567,
0.494987468672,0.703618463646,
-2.67167919799,0.703618463646,
-0.505012531328,0.700320545293,
0.328320802005,0.742340402302,
0.244987468672,0.742340402302,
0.994987468672,-1.22085114169,
-0.671679197995,-1.10432835329,
1.24498746867,0.525837987739,
-1.00501253133,0.525837987739,
-0.116123642439,0.525837987739,
1.39097744361,0.474767648858,
-1.89473684211,0.474767648858,
0.0576441102757,0.474767648858,
-1.10902255639,0.474767648858,
-1.60902255639,0.474767648858,
3.39097744361,0.474767648858,
-0.609022556391,0.474767648858,
-1.60902255639,0.474767648858,
-3.27568922306,0.474767648858,
2.39097744361,0.474767648858,
1.39097744361,0.474767648858,
1.61319966583,0.474767648858,
-0.0534670008354,0.474767648858,
0.0576441102757,0.474767648858,
-0.609022556391,0.474767648858,
-1.10902255639,0.474767648858,
0.890977443609,0.474767648858,
-2.60902255639,0.474767648858,
1.89097744361,0.474767648858,
-2.60902255639,0.474767648858,
-1.85902255639,0.474767648858,
-4.10902255639,0.474767648858,
1.89097744361,0.474767648858,
0.390977443609,0.474767648858,
-0.109022556391,0.474767648858,
-0.323308270677,0.474767648858,
-1.60902255639,0.474767648858,
-0.609022556391,0.474767648858,
-0.325757575758,0.474767648858,
-0.156926406926,0.474767648858,
0.462121212121,-1.22079269059,
0.628787878788,1.00350692765,
-0.871212121212,-1.11149935989,
0.128787878788,-0.444193162758,
2.52878787879,-0.444193162758,
-1.15692640693,-0.444193162758,
2.12878787879,-1.04334314907,
-1.87121212121,-1.04334314907,
-0.760101010101,0.972059300355,
-0.621212121212,1.05896955552,
1.32878787879,1.02849561393,
3.12878787879,-0.920280910589,
1.50378787879,-0.934602257054,
-2.37121212121,1.06413405772,
-1.87121212121,1.0191424561,
1.79545454545,-0.876039932785,
-1.87121212121,-0.876039932785,
1.12878787879,-0.870838395863,
4.12878787879,-0.870838395863,
-1.87121212121,0.973700620567,
-2.87121212121,0.973700620567,
0.795454545455,1.07855285966,
-1.14536340852,0.658524702487,
-0.333675096833,0.503362588125,
-0.788220551378,-1.35181309254,
-0.19298245614,-0.921672252691,
0.0451127819549,-0.921672252691,
-0.669172932331,-0.921672252691,
-1.28822055138,-0.921672252691,
-0.573934837093,-0.921672252691,
0.336779448622,-0.12214813952,
-2.12280701754,0.69157390143,
-3.12280701754,-1.43469281206,
-1.92280701754,-1.43469281206,
0.0771929824561,0.547800030901,
2.87719298246,0.669449633107,
-2.12280701754,-1.4156432096,
-5.12280701754,-1.25156118613,
2.87719298246,-0.266284857522,
-2.78947368421,-0.266284857522,
0.877192982456,-0.266284857522,
1.87719298246,0.508020417015,
-2.78947368421,0.508020417015,
4.87719298246,0.508020417015,
0.0590111642743,-1.00894042847,
0.766081871345,-1.00894042847,
0.127192982456,0.866489030477,
2.21052631579,0.866489030477,
-0.0116959064327,0.866489030477,
-1.12280701754,0.338057341208,
-0.497807017544,-1.31126620731,
0.543859649123,0.635553362864,
0.877192982456,0.635553362864,
3.47719298246,0.635553362864,
-0.122807017544,0.684273077028,
-3.12280701754,0.614725838964,
4.21052631579,0.614725838964,
-0.567251461988,0.741571120273,
-2.12280701754,0.741571120273,
-0.0116959064327,0.741571120273,
-0.122807017544,0.741571120273,
-0.789473684211,0.814281506676,
0.127192982456,0.640295803457,
2.07719298246,0.640295803457,
-1.12280701754,0.70814823288,
5.87719298246,0.70814823288,
0.543859649123,0.70814823288,
-0.678362573099,0.70814823288,
-0.372807017544,-1.08299219507,
-2.12280701754,0.589159218436,
-0.551378446115,0.589159218436,
-2.45614035088,-1.27801761854,
0.577192982456,-1.27801761854,
-1.92424242424,-1.27801761854,
-1.25757575758,0.43558383698,
-1.92424242424,-1.1120198173,
3.74242424242,-1.1120198173,
-2.59090909091,-1.22864136915,
-2.25757575758,0.67411651362,
-0.924242424242,0.0172998355451,
1.67575757576,0.0172998355451,
0.0757575757576,0.56843492085,
1.67575757576,-0.152845456756,
-2.92424242424,-0.152845456756,
1.07575757576,-0.378956904633,
1.40909090909,0.594952896619,
-1.92424242424,0.594952896619,
-1.92424242424,0.594952896619,
-1.92424242424,0.594952896619,
-2.92424242424,0.296681597945,
0.575757575758,0.743048766909,
0.0757575757576,-1.34138661477,
-0.674242424242,-1.44482322322,
-1.67424242424,-1.44482322322,
0.475757575758,0.569109385201,
-1.92424242424,0.688260396066,
-0.324242424242,-1.26267458143,
1.40909090909,-1.26267458143,
0.0757575757576,-1.26267458143,
-1.92424242424,-0.827237564754,
1.57575757576,0.862691372587,
3.74242424242,0.862691372587,
0.0757575757576,2.12170298281,
7.07575757576,0.874873275189,
0.48752228164,0.874873275189,
2.74242424242,-1.05215982242,
7.07575757576,-1.05215982242,
-1.92424242424,0.885074502787,
1.07575757576,-1.10256438159,
-0.174242424242,0.563670936139,
3.57575757576,0.563670936139,
-2.42424242424,0.726699008761,
-1.89830508475,-0.997214869724,
-1.89830508475,0.745687925721,
-0.398305084746,0.174407374754,
-2.23163841808,-0.685577598803,
-1.89830508475,0.90688479593,
2.10169491525,0.173166851785,
0.935028248588,-1.70285930375,
-0.398305084746,0.0808781172417,
3.10169491525,-0.908771516808,
-2.11278195489,-1.52540629781,
2.22055137845,-1.65983869343,
-2.44611528822,0.727416271926,
0.887218045113,0.483218368715,
-2.44611528822,-1.2829215231,
-1.94611528822,-0.281572792565,
0.411027568922,-0.281572792565,
-0.446115288221,0.493370251173,
-1.94611528822,-0.388156675429,
-0.779448621554,-0.388156675429,
-0.446115288221,0.779577835842,
-0.446115288221,0.0981486793467,
-1.69611528822,0.0981486793467,
1.05388471178,0.189084353897,
-1.77944862155,0.189084353897,
-0.446115288221,0.189084353897,
2.55388471178,0.662749709515,
3.05388471178,0.662749709515,
-1.69611528822,0.464248373928,
-2.44611528822,0.744813379205,
0.887218045113,0.744813379205,
-1.69611528822,-0.456579686333,
-0.446115288221,-1.29092541277,
-1.77944862155,0.539250064293,
-0.446115288221,0.539250064293,
-1.44611528822,-1.24485285363,
1.55388471178,0.777271671347,
-2.44611528822,0.594785731388,
1.83959899749,0.594785731388,
-0.0711152882206,0.778961323938,
-0.196115288221,0.724780138145,
-1.72921914358,-1.64087933943,
0.770780856423,-1.64087933943,
1.10411418976,-1.23650988658,
0.145780856423,-0.0242250931445,
1.27078085642,-1.27830596964,
-0.683764598122,0.58842038612,
-0.673663588021,0.64461624637,
-2.02921914358,0.552832420876,
0.535486738776,0.552832420876,
1.34220942785,0.225358126078,
2.77078085642,-1.26079150781,
1.57078085642,0.570676840367,
-1.22921914358,0.574429610014,
-2.56255247691,0.574429610014,
4.10411418976,0.574429610014,
-1.56255247691,0.757976542823,
-2.42921914358,0.78158459231,
-0.229219143577,0.753252346549,
-2.22921914358,0.753252346549,
0.520780856423,-1.15216865549,
2.64578085642,0.540355777177,
-0.979219143577,0.540355777177,
2.27078085642,-1.21499484924,
-0.590452261307,-1.21499484924,
1.60954773869,-1.21499484924,
0.159547738693,-1.21499484924,
4.15954773869,-1.21499484924,
0.809547738693,-1.21499484924,
1.00954773869,-1.21499484924,
-0.690452261307,-1.21499484924,
0.409547738693,-1.21499484924,
-0.757118927973,-1.21499484924,
-0.447595118449,-1.21499484924,
1.87108620023,-1.21499484924,
-2.59045226131,-1.21499484924,
0.17621440536,-1.21499484924,
-0.447595118449,-1.21499484924,
0.609547738693,-1.21499484924,
1.90954773869,-1.21499484924,
0.809547738693,-1.21499484924,
2.90954773869,-1.21499484924,
1.40954773869,-1.21499484924,
-0.590452261307,-1.21499484924,
-0.390452261307,-1.21499484924,
1.24288107203,-1.21499484924,
-1.5611814346,-1.21499484924,
4.77215189873,-1.69706709116,
2.77215189873,0.742529130704,
-1.22784810127,0.742529130704,
-1.22784810127,0.742529130704,
2.77215189873,0.742529130704,
1.52215189873,-1.41255263276,
0.0221518987342,-1.41255263276,
1.4388185654,-1.41255263276,
-0.394514767932,-1.41255263276,
0.372151898734,0.607917042491,
1.77215189873,0.607917042491,
-1.22784810127,-1.4132522905,
1.27215189873,-1.4132522905,
-1.22784810127,0.510869868084,
-1.22784810127,0.510869868084,
1.62929475588,0.425481281578,
-1.22784810127,0.468824091032,
5.77215189873,0.468824091032,
-1.22784810127,0.468824091032,
-0.381694255112,-1.16343052575,
-0.227848101266,0.507487423298,
2.77215189873,0.507487423298,
2.27215189873,0.677242009325,
2.77215189873,0.677242009325,
0.299468233977,0.346613965121,
-1.78942065491,-1.78334059886,
0.410579345088,-1.78334059886,
0.910579345088,-1.78334059886,
1.24391267842,0.384616631498,
-0.430730478589,0.750488527112,
6.56926952141,-1.18444594619,
-1.43073047859,-1.18444594619,
0.854983807125,0.158902803778,
1.56926952141,0.158902803778,
2.56926952141,-1.07004653328,
5.56926952141,0.55849409639,
1.56926952141,0.285272852113,
-2.43073047859,-0.384109914817,
0.569269521411,-0.384109914817,
-2.43073047859,-0.384109914817,
-2.43073047859,-1.8597027588,
-0.430730478589,-1.8597027588,
-1.43073047859,-1.8597027588,
-1.03073047859,0.782827417206,
-0.430730478589,0.836721382768,
0.569269521411,0.856741240034,
2.56926952141,0.97665624412,
1.56926952141,-0.991881648896,
5.56926952141,0.725006561201,
4.56926952141,0.73250739655,
-2.43073047859,-1.0633488502,
-0.430730478589,0.154772161529,
-2.43073047859,-1.1552655432,
3.56926952141,-1.1552655432,
-1.09739714526,-1.1552655432,
-1.09739714526,-0.868592307441,
-0.630730478589,0.83490772569,
0.569269521411,-1.13658770081,
7.06926952141,-1.13658770081,
0.671717171717,0.305071374727,
-6.32828282828,0.305071374727,
6.67171717172,0.375391865667,
-2.32828282828,0.375391865667,
-2.32828282828,0.375391865667,
1.67171717172,0.375391865667,
5.67171717172,0.375391865667,
0.421717171717,0.265313930802,
1.67171717172,0.265313930802,
-2.32828282828,0.580724241077,
-1.07828282828,-0.577944708494,
0.921717171717,0.395892367388,
0.171717171717,0.584510995953,
2.67171717172,0.584510995953,
2.33838383838,0.584510995953,
4.67171717172,0.108472749192,
-1.12828282828,-1.52353638115,
0.671717171717,0.42328318903,
-0.578282828283,0.41355647067,
0.171717171717,0.61471082036,
-3.32828282828,0.4865810886,
1.33838383838,0.558315817139,
0.671717171717,0.558315817139,
-2.32828282828,-1.44708230188,
2.33838383838,-1.44708230188,
0.671717171717,0.691551913902,
1.17171717172,-1.46059942721,
-1.32828282828,-1.46059942721,
-2.32828282828,-1.46059942721,
0.00505050505051,0.595441542698,
-2.07828282828,-1.26664766511,
-1.32828282828,-1.26664766511,
0.957431457431,0.555859087643,
5.17171717172,0.440280283568,
-2.32828282828,-1.79015858222,
2.84798994975,0.528141790782,
1.31227566403,0.528141790782,
1.19798994975,0.528141790782,
-0.402010050251,0.528141790782,
0.0979899497487,0.528141790782,
0.397989949749,0.528141790782,
-1.06867671692,0.528141790782,
-1.06867671692,0.528141790782,
1.09798994975,0.528141790782,
-1.40201005025,0.528141790782,
-1.06867671692,0.528141790782,
0.312275664034,0.528141790782,
1.59798994975,0.528141790782,
0.722989949749,0.528141790782,
-0.802010050251,0.528141790782,
-0.402010050251,0.528141790782,
0.0979899497487,0.528141790782,
-0.602010050251,0.528141790782,
-2.40201005025,0.528141790782,
2.59798994975,0.528141790782,
-1.65201005025,0.528141790782,
-0.402010050251,0.528141790782,
-0.402010050251,0.528141790782,
0.931323283082,0.528141790782,
2.93132328308,0.528141790782,
0.347989949749,0.528141790782,
0.325262677021,0.528141790782,
0.0979899497487,0.528141790782,
-0.513121161362,0.528141790782,
-1.54486719311,0.528141790782,
-1.40201005025,0.528141790782,
1.09798994975,0.528141790782,
-0.00201005025126,0.528141790782,
-0.402010050251,0.528141790782,
-2.40201005025,0.528141790782,
1.74084709261,0.528141790782,
-0.902010050251,0.528141790782,
1.43132328308,0.528141790782,
-0.00201005025126,0.528141790782,
-1.40201005025,0.528141790782,
-0.202010050251,0.528141790782,
-0.278337531486,0.854045817268,
-0.278337531486,0.741006662319,
0.971662468514,-0.266353751893,
-2.77833753149,-0.266353751893,
-1.77833753149,-0.266353751893,
-0.378337531486,0.522531909633,
-2.77833753149,0.522531909633,
0.507376754228,0.522531909633,
0.888329135181,-1.33331004835,
1.22166246851,-1.153192425,
-1.17833753149,-1.153192425,
0.554995801847,-1.153192425,
-1.77833753149,0.385101408196,
-1.77833753149,0.608523186495,
2.22166246851,0.785113312428,
3.22166246851,0.785113312428,
-1.77833753149,-1.17548265795,
-0.778337531486,0.804751699236,
-1.02833753149,0.728335915856,
0.554995801847,0.876855593078,
-1.77833753149,-1.10147962133,
-0.278337531486,0.724623714069,
0.221662468514,-1.19061997409,
-1.77833753149,-1.19061997409,
1.22166246851,0.699715052116,
-1.77833753149,0.754809574085,
-0.278337531486,0.694958354002,
-1.62468513854,0.912618104417,
0.175314861461,1.16043188921,
-1.37468513854,1.16043188921,
-1.62468513854,1.14084749252,
0.375314861461,0.867792962974,
-2.29135180521,1.04519934512,
2.37531486146,1.04519934512,
-0.624685138539,0.887531130605,
-1.02468513854,0.887531130605,
2.55713304328,0.834184667104,
-0.624685138539,0.834184667104,
4.08960057575,0.997160518082,
-1.95801847187,-1.14155256601,
1.37531486146,-0.889747304202,
-0.481827995682,-0.889747304202,
1.37531486146,0.819360305862,
0.275314861461,-0.0929962489401,
-0.442866956721,-0.954646719841,
-1.82468513854,-1.1642721816,
0.708648194794,-1.1642721816,
0.144545630692,-1.1642721816,
1.37531486146,-0.926555649491,
0.025314861461,-0.926555649491,
2.37531486146,-0.951889893117,
-1.62468513854,-0.920166511672,
-0.53377604763,-0.997027443277,
0.875314861461,-0.997027443277,
0.575314861461,-1.03178360374,
-0.910399424253,-0.803552265821,
-1.24968513854,-0.817738318474,
-1.33897085282,-0.817738318474,
0.738951225097,1.11951955921,
-1.37468513854,1.11951955921,
4.25031486146,0.799768984792,
-1.29135180521,0.799768984792,
0.102587588734,0.799768984792,
1.3216080402,0.799768984792,
-0.178391959799,0.799768984792,
2.4216080402,0.799768984792,
0.821608040201,0.799768984792,
1.5716080402,0.531901420137,
-0.178391959799,0.531901420137,
-0.778391959799,0.619885887345,
0.821608040201,0.619885887345,
-2.1783919598,0.619885887345,
-3.1783919598,-1.01141741567,
2.8216080402,-1.01141741567,
-2.1783919598,-0.261980648057,
-1.26930105071,-0.261980648057,
-3.34505862647,-0.546570813553,
-3.1783919598,0.442013211133,
-1.6783919598,0.442013211133,
-2.6783919598,0.442013211133,
-1.4783919598,0.442013211133,
0.421608040201,0.442013211133,
-0.928391959799,0.442013211133,
-0.178391959799,0.442013211133,
4.3216080402,0.442013211133,
-3.1783919598,0.442013211133,
5.15494137353,-1.33370393353,
2.15494137353,0.621816364795,
-0.178391959799,0.621816364795,
0.071608040201,0.565825963186,
-1.4783919598,-0.821137579982,
0.599385817979,0.71057005713,
1.2216080402,0.71057005713,
4.10732232592,0.71057005713,
1.15494137353,0.71057005713,
-0.178391959799,0.71057005713,
-0.845058626466,0.71057005713,
3.2216080402,0.801397984711,
-3.1783919598,-1.5163502284,
1.8216080402,-1.5163502284,
-3.1783919598,0.575933365954,
1.0716080402,0.575933365954,
2.8216080402,0.575933365954,
-0.678391959799,0.575933365954,
-1.12977099237,-0.945186126218,
2.37022900763,0.938973836038,
3.87022900763,0.902019545828,
0.870229007634,0.766040748492,
-2.04,0.802495502113,
-3.54,0.895108516177,
-0.04,-1.19238713076,
1.29333333333,-1.28979215342,
3.21,0.779997190901,
7.96,0.779997190901,
-0.206666666667,0.779997190901,
5.96,2.2239499615,
3.96,2.2239499615,
-0.206666666667,2.2239499615,
2.96,2.2239499615,
-0.54,0.198327666198,
0.21,0.198327666198,
-3.04,0.198327666198,
-1.29,0.198327666198,
-1.54,0.820410556284,
3.96,0.781927668352,
-2.04,-1.16728290363,
-1.29,-1.16728290363,
-2.04,0.856352652635,
0.293333333333,-1.124177163,
0.96,-1.20090276917,
0.293333333333,-1.31139955608,
1.96,-1.31139955608,
0.71,-1.31139955608,
-2.54,-1.31139955608,
-0.226065162907,-1.12214991687,
-0.426065162907,-1.12214991687,
-0.426065162907,0.827654046887,
-0.426065162907,0.827654046887,
-0.426065162907,0.827654046887,
-0.759398496241,0.827654046887,
0.573934837093,0.827654046887,
-0.426065162907,0.827654046887,
-0.426065162907,0.827654046887,
0.573934837093,0.0667435581607,
-0.244246981089,0.666447665204,
0.573934837093,0.666447665204,
-0.426065162907,-1.18587797079,
-0.335156071998,-1.18587797079,
-0.426065162907,-1.18587797079,
-0.426065162907,-1.27051581177,
-0.426065162907,0.571645100043,
0.573934837093,0.669616136949,
-0.926065162907,0.669616136949,
-0.426065162907,-1.31545583363,
-0.676065162907,-1.31545583363,
-0.426065162907,-1.31545583363,
3.37393483709,-1.31545583363,
-0.335156071998,-0.227654768852,
0.573934837093,-0.227654768852,
2.57393483709,-0.227654768852,
3.17393483709,0.721230554787,
-0.426065162907,0.00875706397966,
-0.955476927613,0.00875706397966,
0.240601503759,0.00875706397966,
-0.140350877193,0.00875706397966,
-0.426065162907,0.00875706397966,
-0.426065162907,0.00875706397966,
3.57393483709,0.00875706397966,
-0.0510651629073,0.00875706397966,
-0.449561403509,-1.25701770363,
0.175438596491,-1.25701770363,
-0.991228070175,-1.25701770363,
1.17543859649,-1.25701770363,
1.67543859649,-1.25701770363,
-0.824561403509,-1.25701770363,
0.175438596491,-1.25701770363,
-0.681704260652,-1.25701770363,
-0.324561403509,1.15065267427,
0.604010025063,0.9056020934,
-0.491228070175,0.954275341219,
0.300438596491,0.954275341219,
0.175438596491,-1.00022561599,
-0.241228070175,-1.00022561599,
0.375438596491,-0.824363943418,
3.50877192982,-0.824363943418,
0.342105263158,-0.824363943418,
0.811802232855,-0.824363943418,
1.88972431078,-0.824363943418,
-1.39598997494,-0.824363943418,
2.31829573935,-0.824363943418,
-0.110275689223,-0.824363943418,
-2.22900763359,-0.976944664115,
-0.784563189143,-1.23145008358,
-0.104007633588,-1.23145008358,
-0.479007633588,-1.23145008358,
0.270992366412,-1.23145008358,
-2.22900763359,0.836531775517,
-3.22900763359,0.836531775517,
-1.47900763359,0.927482725521,
-1.56234096692,0.927482725521,
0.370992366412,-1.32799724492,
-1.47900763359,-1.32799724492,
3.77099236641,0.980738628768,
1.27099236641,0.351024942312,
-1.22900763359,-0.94799390993,
0.270992366412,-0.94799390993,
-1.50173490632,0.638870331769,
0.104325699746,1.00625159607,
-1.47900763359,-0.0592405195817,
0.770992366412,-1.20834601755,
0.0209923664122,-0.971068609156,
0.659881255301,-0.971068609156,
-2.72900763359,-1.06340266804,
0.0567066521265,-1.06340266804,
0.104325699746,-0.900012685581,
3.77099236641,-0.900012685581,
0.270992366412,-0.900012685581,
3.77099236641,-0.939654366327,
0.770992366412,0.943763801278,
0.770992366412,0.945124800416,
-0.895674300254,0.945124800416,
0.770992366412,0.983846739072,
-2.22900763359,-1.77969114134,
-2.22900763359,1.01699899749,
-0.229007633588,0.825350706659,
-0.729007633588,0.895366492257,
0.770992366412,0.901638133525,
-0.227994227994,-0.910543337254,
-0.323232323232,-0.910543337254,
1.67676767677,-0.910543337254,
1.34343434343,0.669665177041,
-0.656565656566,0.669665177041,
-1.65656565657,0.669665177041,
-0.323232323232,0.669665177041,
-1.03156565657,0.75180939995,
1.34343434343,0.75180939995,
-1.32323232323,0.75180939995,
-1.03156565657,0.586203199015,
-2.15656565657,0.586203199015,
-1.40656565657,0.586203199015,
1.84343434343,0.586203199015,
0.743434343434,0.586203199015,
1.0101010101,0.586203199015,
1.09343434343,-1.34130439673,
-0.456565656566,-1.34130439673,
0.161616161616,-1.24876788969,
1.0101010101,-1.24876788969,
0.510101010101,0.949701211144,
1.34343434343,0.949701211144,
0.743434343434,0.949701211144,
-0.370851370851,0.949701211144,
-1.65656565657,0.949701211144,
1.67676767677,0.949701211144,
-0.281565656566,0.949701211144,
-1.9898989899,0.881461188955,
-1.65656565657,0.881461188955,
-0.656565656566,0.881461188955,
0.525252525253,0.881461188955,
1.0101010101,0.881461188955,
2.54343434343,0.881461188955,
-0.256565656566,0.881461188955,
0.70202020202,-1.03927989329,
0.70202020202,-1.03927989329,
-0.631313131313,-0.998808365265,
-1.96464646465,0.847852092891,
-0.0646464646465,0.876497234993,
-0.464646464646,0.876497234993,
-6.96464646465,0.876497234993,
-2.96464646465,0.876497234993,
-0.964646464646,-1.24096500465,
-6.96464646465,-1.24096500465,
-1.29797979798,-1.24096500465,
1.03535353535,0.143269687349,
-2.96464646465,0.143269687349,
3.53535353535,-0.963659010829,
-0.464646464646,-0.963659010829,
1.59090909091,0.595772274557,
-2.1075036075,0.928234690204,
2.03535353535,-1.09657482329,
-2.96464646465,0.966463630621,
0.135353535354,0.966463630621,
-1.46464646465,0.930146057746,
-0.964646464646,0.875586085767,
-2.96464646465,1.00541798097,
-0.464646464646,1.00541798097,
-1.16464646465,0.991738613344,
-0.164646464646,-0.97080958302,
-0.631313131313,-0.910428785472,
1.03535353535,-0.917340640898,
0.535353535354,-0.917340640898,
-1.29797979798,-0.917340640898,
2.53535353535,-0.917340640898,
-0.79797979798,-0.851012179742,
1.70202020202,-0.872731377708,
0.435353535354,-1.30285905685,
4.03535353535,1.06793544375,
-0.464646464646,1.06793544375,
-2.03125,1.06793544375,
-2.03125,1.06793544375,
0.96875,1.06793544375,
-2.29014084507,1.06793544375,
1.70985915493,1.06793544375,
-0.29014084507,1.06793544375,
-0.49014084507,1.06793544375,
-3.29014084507,1.06793544375,
-1.29014084507,1.06793544375,
-2.29014084507,1.06793544375,
0.20985915493,1.06793544375,
-0.0901408450704,1.06793544375,
1.70985915493,1.06793544375,
-1.29014084507,1.06793544375,
0.70985915493,1.06793544375,
0.70985915493,1.06793544375,
0.70985915493,1.06793544375,
-1.29014084507,1.06793544375,
-1.29014084507,1.06793544375,
-0.0901408450704,1.06793544375,
1.70985915493,1.06793544375,
-4.29014084507,1.06793544375,
-1.79014084507,1.06793544375,
0.70985915493,1.06793544375,
-1.6234741784,1.06793544375,
-0.29014084507,1.06793544375,
-0.29014084507,1.06793544375,
0.0106951871658,0.546148779944,
-4.98930481283,0.568135599373,
-0.878193701723,-1.62024520893,
-3.6559714795,0.522627469208,
-2.32263814617,0.522627469208,
-7.98930481283,-0.563264507132,
-0.655971479501,-0.37296520745,
6.01069518717,0.462442134298,
-1.6559714795,0.430672384626,
-0.989304812834,0.430672384626,
-1.27501909855,0.430672384626,
1.01069518717,-1.61906539538,
3.01069518717,0.614976454377,
8.01069518717,0.480115544007,
-2.98930481283,-0.394122883757,
2.0447257384,0.651541676993,
-1.28860759494,0.651541676993,
1.37805907173,-0.913775341852,
0.711392405063,0.725340763322,
-2.28860759494,0.579253798382,
-0.288607594937,0.579253798382,
1.71139240506,0.748898170462,
5.71139240506,0.748898170462,
-1.28860759494,0.00416210974571,
0.0447257383966,0.612525381848,
-1.28860759494,0.612525381848,
-1.28860759494,0.687052037558,
3.71139240506,0.726800526424,
1.71139240506,-1.42517765365,
-0.12194092827,-1.31866220438,
0.711392405063,-1.31866220438,
1.21139240506,-1.24335472992,
0.711392405063,-1.24335472992,
4.71139240506,0.803068005733,
1.71139240506,0.803068005733,
-0.62194092827,0.784017583193,
0.211392405063,-1.41850058981,
0.211392405063,0.505433385244,
0.711392405063,0.505433385244,
-1.28860759494,0.505433385244,
-0.300751879699,-0.889895026459,
1.03258145363,-0.889895026459,
-0.467418546366,-0.867618495795,
3.43258145363,-0.867618495795,
1.6992481203,-0.144182780729,
-5.96741854637,-0.144182780729,
-1.27991854637,0.0771295913305,
-0.300751879699,0.0771295913305,
-0.634085213033,0.0771295913305,
-0.300751879699,0.0771295913305,
1.4492481203,0.0771295913305,
-1.13408521303,1.18872035476,
-0.967418546366,-0.855598284721,
0.365914786967,-0.0851681058106,
2.11591478697,-0.0851681058106,
-0.634085213033,-0.0851681058106,
0.0325814536341,1.19512128801,
-0.134085213033,1.19512128801,
0.699248120301,1.19512128801,
2.78258145363,1.19512128801,
4.21319796954,0.605845709502,
-0.286802030457,-1.32439942369,
1.08819796954,-1.48662226075,
0.213197969543,0.585393397341,
-0.586802030457,0.585393397341,
0.963197969543,0.551260454127,
-1.28680203046,0.551260454127,
1.21319796954,-1.61740971971,
0.963197969543,-1.61740971971,
5.71319796954,0.0311761551498,
-2.78680203046,0.522581992013,
-1.78680203046,0.795509979331,
1.71319796954,0.795509979331,
0.713197969543,0.388279217333,
-1.78680203046,-0.325597684482,
2.54653130288,-1.39764686318,
-2.78680203046,0.667645712571,
-1.78680203046,-1.5588555997,
-1.78680203046,0.529577683089,
-1.53680203046,0.529577683089,
-0.62013536379,0.670592069127,
-0.986802030457,0.631886309379,
2.21319796954,-0.928121724262,
0.213197969543,-1.30531848928,
-1.78680203046,-1.30531848928,
1.21319796954,0.652360268566,
0.0131979695431,-1.25619848386,
0.070340826686,0.665421740826,
0.213197969543,0.665421740826,
2.21319796954,0.740199546529,
-4.28680203046,0.632284397429,
1.54653130288,0.463498308315,
2.21319796954,0.675214476172,
2.35,0.841918013891,
0.85,0.597050638147,
0.35,0.643538691852,
1.38693467337,0.827416603938,
1.05360134003,1.3450190414,
2.38693467337,0.884635772795,
-0.613065326633,0.884635772795,
-0.113065326633,0.884635772795,
-0.2797319933,-0.916228544152,
-1.61306532663,-0.916228544152,
-1.2797319933,-0.944665715753,
2.38693467337,-0.944665715753,
-1.2797319933,0.860063230118,
-1.86306532663,-0.994229598882,
0.386934673367,-1.05603469449,
-2.94639865997,-1.05603469449,
-2.94639865997,-1.05603469449,
0.386934673367,0.980972847389,
1.38693467337,0.980972847389,
1.05360134003,1.06023126444,
-1.2797319933,1.06023126444,
0.786934673367,1.06023126444,
0.386934673367,1.06023126444,
0.386934673367,-0.941848862804,
-0.522156235724,-0.845480761857,
3.63693467337,-0.866917601619,
1.38693467337,-0.866917601619,
0.386934673367,-0.866917601619,
1.88693467337,-0.866917601619,
-1.61306532663,1.10571016777,
-0.113065326633,-0.849065989294,
-1.61306532663,-0.76142344308,
-0.113065326633,-0.76142344308,
-0.113065326633,-0.76142344308,
0.386934673367,0.974156958126,
0.958363244795,0.92009494406,
1.10122038765,-0.987552827756,
2.55360134003,1.03256381359,
0.0827067669173,0.749491709742,
0.582706766917,0.749491709742,
2.97159565581,0.774605751072,
0.582706766917,0.774605751072,
-1.08395989975,0.559115028252,
1.20770676692,-1.3716479278,
-1.11729323308,-1.35636623823,
0.15962984384,-1.35636623823,
-0.117293233083,0.810898505476,
1.08270676692,-1.06147971502,
0.865914786967,-1.17199447621,
1.36591478697,-1.06270114551,
-0.634085213033,-0.825535788218,
0.365914786967,-0.825535788218,
2.36591478697,-0.825535788218,
-0.634085213033,1.04206492319,
1.1992481203,1.11360538833,
-0.634085213033,-0.979943436621,
-0.384085213033,1.03217897852,
-0.062656641604,-0.778187011689,
1.50877192982,0.965368665026,
-0.062656641604,1.04119420035,
-4.13408521303,-0.83683448913,
-0.856307435255,-0.884775972411,
1.36591478697,-0.758373233361,
-0.967418546366,-0.670730687147,
-0.634085213033,-0.670730687147,
-1.38408521303,-0.713742274616,
0.615914786967,0.978782158056,
2.76591478697,1.26748876875,
1.61591478697,-0.820750445989,
-1.58038147139,-1.30453160573,
3.41961852861,0.566084570856,
0.197396306388,0.724688840903,
0.686285195277,0.57136660999,
-3.58038147139,0.57136660999,
-0.58038147139,0.737849792429,
-1.45538147139,0.704451308818,
-6.58038147139,0.704451308818,
6.75295186194,0.704451308818,
-1.45538147139,0.704451308818,
-2.58038147139,0.704451308818,
0.035003143995,0.704451308818,
-0.0803814713896,0.647586104589,
-1.22323861425,0.808981514802,
1.08628519528,-1.15564216577,
-0.58038147139,-1.15564216577,
3.25295186194,0.870936362267,
0.91961852861,0.734514787077,
0.115270702523,0.734514787077,
0.91961852861,0.734514787077,
-1.13593702695,0.697089109849,
-1.08038147139,-1.19510868436,
-0.38038147139,-1.19510868436,
1.08628519528,-1.19510868436,
1.03500314399,-1.10584162481,
0.16961852861,-1.16127993593,
-0.216745107753,-1.16127993593,
0.41961852861,-1.16127993593,
0.308507417499,-1.27343234131,
1.41961852861,-1.27343234131,
0.752951861944,-1.27343234131,
0.0446185286104,0.850853880372,
1.41961852861,0.757288510004,
-1.08038147139,-1.47585503405,
0.804233913226,-1.47585503405,
-0.625730994152,-1.47585503405,
-0.986842105263,1.9556885834,
-0.736842105263,-0.716153828544,
-4.23684210526,-0.716153828544,
1.59649122807,-0.716153828544,
1.46315789474,-0.716153828544,
-1.53684210526,-0.716153828544,
1.26315789474,-0.398132312153,
2.26315789474,-0.398132312153,
0.406015037594,-0.398132312153,
1.26315789474,-0.398132312153,
1.26315789474,-0.398132312153,
-2.73684210526,-0.398132312153,
1.01315789474,-0.314782169484,
3.76315789474,-0.314782169484,
2.06315789474,-0.341527322873,
-0.0701754385965,-0.488485482898,
-1.73684210526,-0.488485482898,
0.679824561404,-0.302441452451,
-1.03684210526,-0.302441452451,
-0.736842105263,-0.302441452451,
0.929824561404,-0.302441452451,
1.04093567251,-0.302441452451,
-1.0701754386,1.86150257312,
0.513157894737,1.86150257312,
1.13815789474,1.86150257312,
-0.736842105263,1.86150257312,
-2.02255639098,1.86150257312,
0.0631578947368,1.86150257312,
2.26315789474,1.86150257312,
1.4298245614,1.86150257312,
-1.73684210526,-0.320727820697,
-1.49620253165,-0.320727820697,
-1.49620253165,-0.320727820697,
1.00379746835,-0.320727820697,
-3.89620253165,-0.320727820697,
-0.829535864979,-0.320727820697,
2.50379746835,-0.320727820697,
-0.829535864979,-0.320727820697,
-1.82953586498,-0.320727820697,
1.50379746835,-0.320727820697,
-1.49620253165,-0.320727820697,
-1.49620253165,-0.320727820697,
-0.496202531646,-0.320727820697,
-1.49620253165,-0.320727820697,
-1.49620253165,-0.320727820697,
-1.16286919831,-0.320727820697,
0.196105160662,-0.320727820697,
-1.49620253165,-0.320727820697,
-2.99620253165,-0.320727820697,
-1.49620253165,-0.320727820697,
-1.49620253165,-0.320727820697,
1.2601010101,-0.932921871916,
-1.07323232323,-0.583420376838,
0.593434343434,-0.583420376838,
-1.7398989899,1.01356730683,
-3.40656565657,1.18684070193,
0.0934343434343,-1.02613700994,
-2.40656565657,-1.01085532038,
-2.40656565657,-1.01085532038,
6.09343434343,-1.01085532038,
-2.40656565657,-1.01085532038,
1.59343434343,-1.01085532038,
0.593434343434,-0.706016626555,
2.09343434343,1.08023863534,
0.593434343434,1.03862052605,
-2.40656565657,1.03862052605,
-2.40656565657,-0.853424755143,
0.593434343434,-0.79699280429,
0.0934343434343,-0.824541335168,
-2.40656565657,1.32002157369,
0.593434343434,-0.701642570901,
-2.40656565657,-0.701642570901,
-0.406565656566,-0.64420570724,
1.92676767677,-0.639590878404,
1.59343434343,-1.22850657742,
0.593434343434,1.14315175519,
-0.0732323232323,1.10707201164,
-3.33333333333,-0.257247865382,
-3.33333333333,-0.257247865382,
4.66666666667,-0.199632854027,
6.66666666667,-0.199632854027,
4.66666666667,-0.199632854027,
-1.33333333333,-0.199632854027,
-1.0,-0.199632854027,
-1.33333333333,-0.228574283061,
-1.45833333333,1.65553885383,
-3.33333333333,-0.345474092466,
2.66666666667,-0.345474092466,
0.166666666667,-0.345474092466,
2.66666666667,-0.345474092466,
-1.83333333333,-0.345474092466,
-3.33333333333,-0.267282856367,
-6.33333333333,-0.267282856367,
-1.33333333333,-0.159438769488,
0.333333333333,-0.20975620091,
-3.33333333333,-0.20975620091,
8.66666666667,-0.20975620091,
-1.33333333333,-0.20975620091,
-1.33333333333,-0.0868196879131,
-2.33333333333,-0.138909974285,
2.66666666667,0.570483608511,
-0.333333333333,0.570483608511,
-1.83333333333,0.570483608511,
2.04597701149,-0.797796604784,
-0.954022988506,1.33031868729,
-0.954022988506,1.33031868729,
-0.954022988506,1.33031868729,
-0.954022988506,1.36558320309,
1.04597701149,1.36558320309,
-0.954022988506,1.36558320309,
2.04597701149,-0.490780050122,
-0.954022988506,-0.490780050122,
0.0459770114943,-0.490780050122,
0.0459770114943,-0.930001510426,
-0.149383280037,-0.976627948034,
-1.42211055276,-0.976627948034,
-0.286308083628,-0.976627948034,
0.217529086876,-0.976627948034,
-1.7554438861,-0.976627948034,
1.57788944724,-0.976627948034,
3.57788944724,0.975112984748,
-0.422110552764,0.975112984748,
0.327889447236,0.975112984748,
0.172484041831,0.975112984748,
0.577889447236,0.975112984748,
0.91122278057,0.975112984748,
-1.42211055276,0.975112984748,
-0.279253409907,0.975112984748,
-0.558474189127,0.975112984748,
0.277889447236,0.975112984748,
-1.08877721943,0.975112984748,
-1.36842105263,1.10319266422,
-2.36842105263,0.977709146142,
2.38157894737,-0.02499057298,
0.631578947368,-0.02499057298,
-0.868421052632,-0.02499057298,
3.10216718266,0.0234249301075,
0.964912280702,-5.18999149041,
3.63157894737,1.05458863938,
-0.243421052632,-0.854060547428,
-1.36842105263,1.02929618112,
0.298245614035,1.06566691713,
-0.594611528822,1.06566691713,
-0.721362229102,0.913175586442,
-1.41368078176,0.913175586442,
5.08631921824,0.913175586442,
-1.41368078176,0.913175586442,
0.586319218241,0.913175586442,
0.086319218241,0.913175586442,
5.58631921824,0.913175586442,
0.586319218241,0.913175586442,
4.58631921824,0.913175586442,
2.58631921824,0.913175586442,
-3.41368078176,0.913175586442,
4.58631921824,0.913175586442,
-2.41368078176,0.913175586442,
0.586319218241,0.913175586442,
-0.163680781759,0.913175586442,
-3.41368078176,0.913175586442,
-0.913680781759,0.913175586442,
-1.41368078176,0.913175586442,
-1.08034744843,0.913175586442,
2.33631921824,0.913175586442,
-2.74701411509,0.913175586442,
-1.41368078176,0.913175586442,
-0.699395067473,0.913175586442,
-0.913680781759,0.913175586442,
3.08631921824,0.913175586442,
-0.413680781759,0.913175586442,
-0.913680781759,0.913175586442,
0.586319218241,0.913175586442,
1.30060493253,0.913175586442,
-1.41368078176,0.913175586442,
-1.41368078176,0.913175586442,
1.08631921824,0.913175586442,
6.40322580645,-1.22523953829,
-2.09677419355,0.666099066038,
-0.596774193548,0.760877556636,
-2.59677419355,0.613640105496,
1.90322580645,-1.18626750959,
2.40322580645,-1.18626750959,
7.16834170854,0.77052873783,
-0.831658291457,0.77052873783,
-0.331658291457,0.77052873783,
-1.33165829146,0.712559568343,
-1.83165829146,0.712559568343,
-0.831658291457,-0.25226387456,
-1.83165829146,-0.25226387456,
3.83500837521,-0.124549930335,
-1.83165829146,-0.322590659222,
1.50167504188,-0.322590659222,
3.96834170854,0.490174494572,
-1.83165829146,0.490174494572,
-1.03165829146,-0.204893216498,
0.668341708543,-0.204893216498,
-0.831658291457,-0.204893216498,
0.585008375209,0.610466420249,
0.168341708543,-1.264911306,
-1.49832495812,0.613987246625,
0.00167504187605,0.68708780031,
0.668341708543,0.68708780031,
0.668341708543,-1.31285278928,
2.32218786239,-1.31285278928,
-1.83165829146,-1.31285278928,
6.66834170854,0.594422018078,
1.16834170854,0.594422018078,
7.16834170854,0.594422018078,
2.16834170854,-1.62567151054,
4.50167504188,-1.62567151054,
-1.4835443038,-1.62567151054,
-2.4835443038,-0.403600638493,
-0.756271576525,-0.158192060579,
-0.233544303797,-0.158192060579,
-4.4835443038,-0.158192060579,
-0.483544303797,-0.158192060579,
-2.4835443038,-0.158192060579,
0.0164556962025,-0.158192060579,
-0.283544303797,-0.560992963565,
-0.483544303797,-0.288143029405,
2.5164556962,-0.288143029405,
-1.15021097046,-0.178575053633,
1.18312236287,-0.129942017958,
-1.4835443038,-0.129942017958,
3.5164556962,-0.309518439949,
-0.483544303797,-0.132111865775,
-1.62640144665,-0.132111865775,
-2.0835443038,-0.132111865775,
-0.283544303797,-0.132111865775,
-0.983544303797,1.85335083279,
1.5164556962,-0.0949493577098,
-3.2335443038,-0.0913120600892,
-0.483544303797,-0.56279900579,
-2.4835443038,1.74614399095,
-4.4835443038,-0.0694115962067,
-0.0245614035088,0.934199724331,
-1.02456140351,0.671053631509,
1.47543859649,0.671053631509,
1.64210526316,0.671053631509,
1.97543859649,-0.12314655805,
-0.0245614035088,-1.0392885559,
1.97543859649,0.792955111788,
-3.02456140351,0.890834085546,
-0.0245614035088,-1.0058125003,
-0.524561403509,-1.2884767421,
-1.02456140351,-1.1128725976,
1.97543859649,-0.909724486143,
-1.02456140351,0.924140732072,
1.30877192982,0.924140732072,
-1.27456140351,0.924140732072,
-0.691228070175,0.968312386668,
2.47543859649,-0.956725740866,
-1.52456140351,0.978779277227,
0.975438596491,1.11102685526,
-1.02456140351,0.765882707855,
3.71162790698,-0.83787774233,
0.211627906977,0.958073006893,
-0.288372093023,0.958073006893,
0.711627906977,1.06409354199,
0.378294573643,1.06409354199,
-2.28837209302,-0.761653971872,
-2.28837209302,-1.08521732226,
-3.28837209302,1.13189349254,
-0.788372093023,-0.901209692728,
-1.62170542636,-0.748315287733,
3.71162790698,0.831803261879,
-3.28837209302,-1.01358806837,
-1.28837209302,-0.807502692111,
5.71162790698,-0.807502692111,
-1.53837209302,1.13207291631,
1.71162790698,1.13207291631,
6.71162790698,-0.559792332747,
-0.288372093023,-0.559792332747,
5.21162790698,-0.606598441315,
-0.788372093023,-0.606598441315,
3.71162790698,-0.493833757645,
-1.28837209302,-1.08545413493,
-1.26114649682,-0.668254244906,
-0.261146496815,-0.668254244906,
-1.26114649682,0.691728177691,
-0.511146496815,0.38450394822,
-2.51114649682,0.555392845082,
4.23885350318,-0.396482701216,
-1.4754322111,-0.958482242997,
3.57218683652,-0.958482242997,
-1.26114649682,0.552770035828,
-1.56114649682,-1.22180888907,
1.09599636033,-0.119068565657,
5.98885350318,0.223167161134,
-0.0111464968153,0.223167161134,
2.57218683652,0.223167161134,
0.238853503185,-1.49888021954,
8.23885350318,-1.49888021954,
-1.01114649682,0.615240309481,
0.142079309636,0.662233363343,
4.23885350318,0.662233363343,
-1.26114649682,-0.458675549227,
-2.76114649682,-0.458675549227,
-0.573646496815,-0.458675549227,
-2.76114649682,0.728426033027,
-2.76114649682,0.728426033027,
-2.42857142857,0.728426033027,
-2.42857142857,0.728426033027,
1.32142857143,0.728426033027,
1.32142857143,0.728426033027,
-2.42857142857,0.728426033027,
3.57142857143,0.728426033027,
0.571428571429,0.728426033027,
1.07142857143,0.728426033027,
0.571428571429,0.728426033027,
9.57142857143,0.728426033027,
-2.42857142857,0.728426033027,
1.57142857143,0.728426033027,
0.571428571429,0.728426033027,
3.57142857143,0.728426033027,
-1.67857142857,0.728426033027,
1.11028037383,0.590511490232,
-1.28971962617,0.564466708536,
-1.28971962617,-1.69914508407,
0.210280373832,-1.69914508407,
-0.0897196261682,-1.69914508407,
0.0436137071651,-1.69914508407,
2.71028037383,-1.69914508407,
-1.03971962617,0.505116413848,
0.210280373832,0.505116413848,
-1.28971962617,0.514892145368,
-1.03971962617,0.514892145368,
0.710280373832,-1.53755283585,
-1.6230529595,-1.53755283585,
-1.78971962617,-1.53755283585,
0.210280373832,-1.31429033521,
-0.0397196261682,-1.31429033521,
-2.28971962617,0.537660225524,
3.71028037383,0.57892826284,
-0.289719626168,0.608040968589,
-1.78971962617,0.608040968589,
-1.28971962617,0.582768843247,
0.210280373832,-2.35399196801,
1.11028037383,0.715171315556,
0.0102803738318,0.63912481278,
1.78720345075,0.648873937508,
5.71028037383,-1.39681180211,
2.83528037383,0.618761054904,
0.710280373832,-1.24266600361,
-2.28971962617,0.737617657799,
-1.28971962617,-1.28039231499,
0.210280373832,-1.28039231499,
7.91842105263,-0.939196124738,
0.251754385965,1.02359379038,
5.5850877193,-0.76735390408,
-1.08157894737,-0.76735390408,
2.91842105263,-0.76735390408,
-1.08157894737,-0.76735390408,
1.41842105263,1.15303547671,
-1.08157894737,0.83701005312,
-1.08157894737,-0.864848316584,
-1.08157894737,-0.864848316584,
-1.08157894737,-0.864848316584,
0.418421052632,-0.793059812946,
0.418421052632,-0.832967174601,
-1.08157894737,-0.832967174601,
1.91842105263,0.150125987723,
-1.08157894737,-0.966763126359,
-1.08157894737,1.18739117823,
1.91842105263,-0.809057305369,
4.91842105263,-0.809057305369,
1.31842105263,1.11711176339,
0.418421052632,1.11711176339,
-0.0815789473684,1.19302857775,
1.91842105263,-0.735902155433,
-1.08157894737,1.14207658621,
-1.58157894737,-0.922404055039,
-1.08157894737,-0.66451523041,
-1.08157894737,1.14364174361,
0.418421052632,1.14364174361,
0.251754385965,-0.919297067618,
-1.87642276423,1.1744562031,
-2.20975609756,1.1744562031,
-0.352613240418,0.950876625304,
3.79024390244,1.02214775344,
-2.20975609756,1.02214775344,
-0.709756097561,0.341882736786,
-2.20975609756,0.330371524731,
-0.209756097561,0.330371524731,
2.45691056911,0.330371524731,
0.790243902439,0.330371524731,
2.29024390244,0.330371524731,
2.79024390244,0.330371524731,
-0.209756097561,0.330371524731,
0.790243902439,0.981748141378,
0.790243902439,-0.90961977038,
2.29024390244,0.014612707884,
0.040243902439,-0.94929690268,
3.79024390244,-0.94929690268,
0.790243902439,-0.94929690268,
-0.209756097561,1.09025021069,
3.79024390244,-1.08175481981,
0.790243902439,-1.8004368216,
0.790243902439,-1.8004368216,
2.79024390244,-1.8004368216,
1.07575757576,-1.8004368216,
-3.17424242424,-1.8004368216,
-0.174242424242,-1.8004368216,
0.111471861472,-1.8004368216,
-1.17424242424,-1.8004368216,
2.82575757576,-1.8004368216,
2.57575757576,-1.8004368216,
0.825757575758,-1.8004368216,
0.111471861472,-1.8004368216,
0.189393939394,-1.8004368216,
-0.0833333333333,-1.8004368216,
-1.04603729604,-1.8004368216,
0.575757575758,-1.8004368216,
1.71464646465,-1.8004368216,
-3.17424242424,-1.8004368216,
-1.37424242424,-1.8004368216,
1.82575757576,-1.8004368216,
-1.17424242424,-1.8004368216,
2.02575757576,-1.8004368216,
0.513257575758,-1.8004368216,
4.82575757576,-1.8004368216,
-3.17424242424,-1.8004368216,
-1.42424242424,-1.8004368216,
0.888257575758,-1.8004368216,
-0.18,-1.8004368216,
9.32,0.553101554479,
-4.34666666667,-0.326519522184,
-3.68,-0.326519522184,
4.32,-1.09710886621,
-3.68,0.087413079821,
0.32,-0.749219699333,
-4.68,-1.38831865656,
1.32,0.0845405379224,
2.82,0.0845405379224,
-0.68,-1.43356448879,
-0.68,0.754191793541,
-1.68,0.695237720181,
0.82,0.695237720181,
3.32,0.416852607203,
0.539735099338,0.677244970211,
2.03973509934,0.81722491589,
-2.96026490066,-1.25244150728,
0.373068432671,-1.17739527266,
1.03973509934,-0.10272331452,
-2.96026490066,-0.0346064566507,
4.37306843267,-0.525423491668,
0.539735099338,-0.525423491668,
-2.62693156733,0.694740488738,
1.706401766,0.694740488738,
0.0397350993377,0.598078951024,
3.43973509934,-1.21882720861,
0.539735099338,0.901666740191,
-1.14208308248,-1.15088431909,
-0.960264900662,0.70047190169,
2.03973509934,0.873460667347,
1.03973509934,0.838236801915,
-2.96026490066,0.839219157974,
2.28973509934,0.654472579255,
-1.56026490066,0.654472579255,
0.0397350993377,0.654472579255,
-1.96026490066,0.654472579255,
0.289735099338,0.654472579255,
0.133561643836,-1.2644924071,
-0.116438356164,0.796796108736,
2.88356164384,0.796796108736,
-3.61643835616,0.681726299563,
-2.61643835616,0.654353719756,
1.71689497717,-0.142422054282,
-3.61643835616,0.495557583751,
1.71689497717,0.186079241272,
1.38356164384,0.67302380516,
0.716894977169,0.603399112211,
0.0502283105023,0.603399112211,
-1.61643835616,-1.18405105502,
-2.9497716895,-1.17445819999,
5.38356164384,0.782600912535,
-2.61643835616,-0.139634890701,
-1.61643835616,-0.139634890701,
-3.61643835616,0.844791278301,
1.38356164384,0.659424469594,
-1.28310502283,0.659424469594,
1.38356164384,0.659424469594,
3.13356164384,0.659424469594,
-3.61643835616,0.659424469594,
5.54385964912,0.659424469594,
-0.122807017544,0.659424469594,
0.543859649123,1.3216783807,
1.04385964912,0.911811596183,
-0.456140350877,1.04919780687,
1.04385964912,-1.0656910564,
-2.95614035088,-0.829638855998,
1.54385964912,-8.03661564058,
4.54385964912,-8.03661564058,
4.21052631579,0.00612894353736,
-4.45614035088,0.00612894353736,
4.54385964912,0.00612894353736,
0.143859649123,0.00612894353736,
-1.22425629291,0.00612894353736,
-0.456140350877,0.958828094657,
0.143859649123,1.13548492886,
7.54385964912,0.634359071436,
0.210526315789,0.634359071436,
0.543859649123,-0.901913799494,
-0.331140350877,1.03002341049,
0.0893141945774,0.987492874834,
2.87719298246,0.987492874834,
3.87719298246,0.987492874834,
2.54385964912,0.987492874834,
-1.17042606516,-0.913400881453,
3.54385964912,-0.913400881453,
-0.456140350877,1.06770708195,
0.210526315789,1.06770708195,
3.29385964912,1.06770708195,
-0.456140350877,1.06770708195,
0.943859649123,1.07673529679,
8.54385964912,-0.350164008669,
0.543859649123,-0.350164008669,
-0.0561403508772,-0.350164008669,
4.21052631579,1.24548064972,
-1.28947368421,-1.05794133713,
0.0994152046784,-1.05794133713,
4.54385964912,-1.05794133713,
7.54385964912,0.832930781272,
-0.206140350877,1.07838015507,
2.79385964912,1.07838015507,
