30425605
32717570
43334612
46318078
54933863
57230664
60588428
104340561
113058712
120551396
131176525
177019667
177441183
191413848
212256947
216912903
224395974
225072440
239893780
246565905
252830521
256317852
257013116
257640385
259379539
260040409
272603764
279767628
293482180
339705723
346576447
365659638
387448282
397539333
402464769
534842435
544779731
608085042
832245307
888971910
1232989802
1334339822
1406435672
1549669332
2527834082
2575022059
2980287125
2586530467
2795249566
15668931
28534252
29248461
31630805
32073913
32453930
36940175
37843534
37941938
48871053
55247998
62130152
65160191
66259018
68428066
70728069
72758634
74791999
78446776
86230406
92104346
102928411
103691667
109975247
113712551
119754291
135316923
146409066
153583146
154150261
155858930
158216799
171065186
174596509
174780495
179205995
180081562
182613302
182897342
184995243
188039706
199902283
212795923
219243547
223984947
225479869
235180756
237018282
240380466
244768359
247127794
249154446
270667330
281592835
283052420
284814482
293173022
293840625
295086435
300011126
303997391
306549170
317245257
321401592
324130860
330462983
340861085
342791510
360786321
373511205
382202772
386007220
404865489
418022827
423581181
431158121
431333874
459750776
463016850
534706869
538169429
549697500
558220594
603055123
819954614
842960749
995830002
997679491
1120242606
1138456724
1152096636
1152776161
1225135152
1308077142
1493901511
1553899147
1596541134
1924882021
2253890264
2271120397
2575555092
2790755710
2852157224
2856052017
3028563436
287407881
